L=9, N=81, EMPTY=-82

Lattice indices: 
0  1  2  3  4  5  6  7  8  
9  10 11 12 13 14 15 16 17 
18 19 20 21 22 23 24 25 26 
27 28 29 30 31 32 33 34 35 
36 37 38 39 40 41 42 43 44 
45 46 47 48 49 50 51 52 53 
54 55 56 57 58 59 60 61 62 
63 64 65 66 67 68 69 70 71 
72 73 74 75 76 77 78 79 80 

----------------------------------------------
n = 1:
. . . . . . . . . 
x . . . . . . . . 
. . . . . . . . . 
. . . . . . . . . 
. . . . . . . . . 
. . . . . . . . . 
. . . . . . . . . 
. . . . . . . . . 
. . . . . . . . . 
ptr:
-82 -82 -82 -82 -82 -82 -82 -82 -82 
 -1 -82 -82 -82 -82 -82 -82 -82 -82 
-82 -82 -82 -82 -82 -82 -82 -82 -82 
-82 -82 -82 -82 -82 -82 -82 -82 -82 
-82 -82 -82 -82 -82 -82 -82 -82 -82 
-82 -82 -82 -82 -82 -82 -82 -82 -82 
-82 -82 -82 -82 -82 -82 -82 -82 -82 
-82 -82 -82 -82 -82 -82 -82 -82 -82 
-82 -82 -82 -82 -82 -82 -82 -82 -82 
dx:
 0  0  0  0  0  0  0  0  0 
 0  0  0  0  0  0  0  0  0 
 0  0  0  0  0  0  0  0  0 
 0  0  0  0  0  0  0  0  0 
 0  0  0  0  0  0  0  0  0 
 0  0  0  0  0  0  0  0  0 
 0  0  0  0  0  0  0  0  0 
 0  0  0  0  0  0  0  0  0 
 0  0  0  0  0  0  0  0  0 
dy:
 0  0  0  0  0  0  0  0  0 
 0  0  0  0  0  0  0  0  0 
 0  0  0  0  0  0  0  0  0 
 0  0  0  0  0  0  0  0  0 
 0  0  0  0  0  0  0  0  0 
 0  0  0  0  0  0  0  0  0 
 0  0  0  0  0  0  0  0  0 
 0  0  0  0  0  0  0  0  0 
 0  0  0  0  0  0  0  0  0 

----------------------------------------------
n = 2:
. . . . . . x . . 
x . . . . . . . . 
. . . . . . . . . 
. . . . . . . . . 
. . . . . . . . . 
. . . . . . . . . 
. . . . . . . . . 
. . . . . . . . . 
. . . . . . . . . 
ptr:
-82 -82 -82 -82 -82 -82  -1 -82 -82 
 -1 -82 -82 -82 -82 -82 -82 -82 -82 
-82 -82 -82 -82 -82 -82 -82 -82 -82 
-82 -82 -82 -82 -82 -82 -82 -82 -82 
-82 -82 -82 -82 -82 -82 -82 -82 -82 
-82 -82 -82 -82 -82 -82 -82 -82 -82 
-82 -82 -82 -82 -82 -82 -82 -82 -82 
-82 -82 -82 -82 -82 -82 -82 -82 -82 
-82 -82 -82 -82 -82 -82 -82 -82 -82 
dx:
 0  0  0  0  0  0  0  0  0 
 0  0  0  0  0  0  0  0  0 
 0  0  0  0  0  0  0  0  0 
 0  0  0  0  0  0  0  0  0 
 0  0  0  0  0  0  0  0  0 
 0  0  0  0  0  0  0  0  0 
 0  0  0  0  0  0  0  0  0 
 0  0  0  0  0  0  0  0  0 
 0  0  0  0  0  0  0  0  0 
dy:
 0  0  0  0  0  0  0  0  0 
 0  0  0  0  0  0  0  0  0 
 0  0  0  0  0  0  0  0  0 
 0  0  0  0  0  0  0  0  0 
 0  0  0  0  0  0  0  0  0 
 0  0  0  0  0  0  0  0  0 
 0  0  0  0  0  0  0  0  0 
 0  0  0  0  0  0  0  0  0 
 0  0  0  0  0  0  0  0  0 

----------------------------------------------
n = 3:
. . . . . . x . . 
x . . x . . . . . 
. . . . . . . . . 
. . . . . . . . . 
. . . . . . . . . 
. . . . . . . . . 
. . . . . . . . . 
. . . . . . . . . 
. . . . . . . . . 
ptr:
-82 -82 -82 -82 -82 -82  -1 -82 -82 
 -1 -82 -82  -1 -82 -82 -82 -82 -82 
-82 -82 -82 -82 -82 -82 -82 -82 -82 
-82 -82 -82 -82 -82 -82 -82 -82 -82 
-82 -82 -82 -82 -82 -82 -82 -82 -82 
-82 -82 -82 -82 -82 -82 -82 -82 -82 
-82 -82 -82 -82 -82 -82 -82 -82 -82 
-82 -82 -82 -82 -82 -82 -82 -82 -82 
-82 -82 -82 -82 -82 -82 -82 -82 -82 
dx:
 0  0  0  0  0  0  0  0  0 
 0  0  0  0  0  0  0  0  0 
 0  0  0  0  0  0  0  0  0 
 0  0  0  0  0  0  0  0  0 
 0  0  0  0  0  0  0  0  0 
 0  0  0  0  0  0  0  0  0 
 0  0  0  0  0  0  0  0  0 
 0  0  0  0  0  0  0  0  0 
 0  0  0  0  0  0  0  0  0 
dy:
 0  0  0  0  0  0  0  0  0 
 0  0  0  0  0  0  0  0  0 
 0  0  0  0  0  0  0  0  0 
 0  0  0  0  0  0  0  0  0 
 0  0  0  0  0  0  0  0  0 
 0  0  0  0  0  0  0  0  0 
 0  0  0  0  0  0  0  0  0 
 0  0  0  0  0  0  0  0  0 
 0  0  0  0  0  0  0  0  0 

----------------------------------------------
n = 4:
x . . . . . x . . 
x . . x . . . . . 
. . . . . . . . . 
. . . . . . . . . 
. . . . . . . . . 
. . . . . . . . . 
. . . . . . . . . 
. . . . . . . . . 
. . . . . . . . . 
ptr:
 -2 -82 -82 -82 -82 -82  -1 -82 -82 
  0 -82 -82  -1 -82 -82 -82 -82 -82 
-82 -82 -82 -82 -82 -82 -82 -82 -82 
-82 -82 -82 -82 -82 -82 -82 -82 -82 
-82 -82 -82 -82 -82 -82 -82 -82 -82 
-82 -82 -82 -82 -82 -82 -82 -82 -82 
-82 -82 -82 -82 -82 -82 -82 -82 -82 
-82 -82 -82 -82 -82 -82 -82 -82 -82 
-82 -82 -82 -82 -82 -82 -82 -82 -82 
dx:
 0  0  0  0  0  0  0  0  0 
 0  0  0  0  0  0  0  0  0 
 0  0  0  0  0  0  0  0  0 
 0  0  0  0  0  0  0  0  0 
 0  0  0  0  0  0  0  0  0 
 0  0  0  0  0  0  0  0  0 
 0  0  0  0  0  0  0  0  0 
 0  0  0  0  0  0  0  0  0 
 0  0  0  0  0  0  0  0  0 
dy:
 0  0  0  0  0  0  0  0  0 
 1  0  0  0  0  0  0  0  0 
 0  0  0  0  0  0  0  0  0 
 0  0  0  0  0  0  0  0  0 
 0  0  0  0  0  0  0  0  0 
 0  0  0  0  0  0  0  0  0 
 0  0  0  0  0  0  0  0  0 
 0  0  0  0  0  0  0  0  0 
 0  0  0  0  0  0  0  0  0 

----------------------------------------------
n = 5:
x . . . . . x . . 
x . . x . . . . . 
. . . . . . . . . 
. . . . . . . . . 
. . . . . . . . . 
. . . . . . . . . 
. . . . . . . . . 
. x . . . . . . . 
. . . . . . . . . 
ptr:
 -2 -82 -82 -82 -82 -82  -1 -82 -82 
  0 -82 -82  -1 -82 -82 -82 -82 -82 
-82 -82 -82 -82 -82 -82 -82 -82 -82 
-82 -82 -82 -82 -82 -82 -82 -82 -82 
-82 -82 -82 -82 -82 -82 -82 -82 -82 
-82 -82 -82 -82 -82 -82 -82 -82 -82 
-82 -82 -82 -82 -82 -82 -82 -82 -82 
-82  -1 -82 -82 -82 -82 -82 -82 -82 
-82 -82 -82 -82 -82 -82 -82 -82 -82 
dx:
 0  0  0  0  0  0  0  0  0 
 0  0  0  0  0  0  0  0  0 
 0  0  0  0  0  0  0  0  0 
 0  0  0  0  0  0  0  0  0 
 0  0  0  0  0  0  0  0  0 
 0  0  0  0  0  0  0  0  0 
 0  0  0  0  0  0  0  0  0 
 0  0  0  0  0  0  0  0  0 
 0  0  0  0  0  0  0  0  0 
dy:
 0  0  0  0  0  0  0  0  0 
 1  0  0  0  0  0  0  0  0 
 0  0  0  0  0  0  0  0  0 
 0  0  0  0  0  0  0  0  0 
 0  0  0  0  0  0  0  0  0 
 0  0  0  0  0  0  0  0  0 
 0  0  0  0  0  0  0  0  0 
 0  0  0  0  0  0  0  0  0 
 0  0  0  0  0  0  0  0  0 

----------------------------------------------
n = 6:
x x . . . . x . . 
x . . x . . . . . 
. . . . . . . . . 
. . . . . . . . . 
. . . . . . . . . 
. . . . . . . . . 
. . . . . . . . . 
. x . . . . . . . 
. . . . . . . . . 
ptr:
 -3   0 -82 -82 -82 -82  -1 -82 -82 
  0 -82 -82  -1 -82 -82 -82 -82 -82 
-82 -82 -82 -82 -82 -82 -82 -82 -82 
-82 -82 -82 -82 -82 -82 -82 -82 -82 
-82 -82 -82 -82 -82 -82 -82 -82 -82 
-82 -82 -82 -82 -82 -82 -82 -82 -82 
-82 -82 -82 -82 -82 -82 -82 -82 -82 
-82  -1 -82 -82 -82 -82 -82 -82 -82 
-82 -82 -82 -82 -82 -82 -82 -82 -82 
dx:
 0 -1  0  0  0  0  0  0  0 
 0  0  0  0  0  0  0  0  0 
 0  0  0  0  0  0  0  0  0 
 0  0  0  0  0  0  0  0  0 
 0  0  0  0  0  0  0  0  0 
 0  0  0  0  0  0  0  0  0 
 0  0  0  0  0  0  0  0  0 
 0  0  0  0  0  0  0  0  0 
 0  0  0  0  0  0  0  0  0 
dy:
 0  0  0  0  0  0  0  0  0 
 1  0  0  0  0  0  0  0  0 
 0  0  0  0  0  0  0  0  0 
 0  0  0  0  0  0  0  0  0 
 0  0  0  0  0  0  0  0  0 
 0  0  0  0  0  0  0  0  0 
 0  0  0  0  0  0  0  0  0 
 0  0  0  0  0  0  0  0  0 
 0  0  0  0  0  0  0  0  0 

----------------------------------------------
n = 7:
x x . . . . x . . 
x . . x . x . . . 
. . . . . . . . . 
. . . . . . . . . 
. . . . . . . . . 
. . . . . . . . . 
. . . . . . . . . 
. x . . . . . . . 
. . . . . . . . . 
ptr:
 -3   0 -82 -82 -82 -82  -1 -82 -82 
  0 -82 -82  -1 -82  -1 -82 -82 -82 
-82 -82 -82 -82 -82 -82 -82 -82 -82 
-82 -82 -82 -82 -82 -82 -82 -82 -82 
-82 -82 -82 -82 -82 -82 -82 -82 -82 
-82 -82 -82 -82 -82 -82 -82 -82 -82 
-82 -82 -82 -82 -82 -82 -82 -82 -82 
-82  -1 -82 -82 -82 -82 -82 -82 -82 
-82 -82 -82 -82 -82 -82 -82 -82 -82 
dx:
 0 -1  0  0  0  0  0  0  0 
 0  0  0  0  0  0  0  0  0 
 0  0  0  0  0  0  0  0  0 
 0  0  0  0  0  0  0  0  0 
 0  0  0  0  0  0  0  0  0 
 0  0  0  0  0  0  0  0  0 
 0  0  0  0  0  0  0  0  0 
 0  0  0  0  0  0  0  0  0 
 0  0  0  0  0  0  0  0  0 
dy:
 0  0  0  0  0  0  0  0  0 
 1  0  0  0  0  0  0  0  0 
 0  0  0  0  0  0  0  0  0 
 0  0  0  0  0  0  0  0  0 
 0  0  0  0  0  0  0  0  0 
 0  0  0  0  0  0  0  0  0 
 0  0  0  0  0  0  0  0  0 
 0  0  0  0  0  0  0  0  0 
 0  0  0  0  0  0  0  0  0 

----------------------------------------------
n = 8:
x x . . . . x . . 
x . . x . x . . . 
. . . . . . . . . 
. . . . . . . . . 
. . . . . . . . . 
. . . . . . . . . 
. . . . . . . . . 
. x . . . . . . . 
. . . . . . . x . 
ptr:
 -3   0 -82 -82 -82 -82  -1 -82 -82 
  0 -82 -82  -1 -82  -1 -82 -82 -82 
-82 -82 -82 -82 -82 -82 -82 -82 -82 
-82 -82 -82 -82 -82 -82 -82 -82 -82 
-82 -82 -82 -82 -82 -82 -82 -82 -82 
-82 -82 -82 -82 -82 -82 -82 -82 -82 
-82 -82 -82 -82 -82 -82 -82 -82 -82 
-82  -1 -82 -82 -82 -82 -82 -82 -82 
-82 -82 -82 -82 -82 -82 -82  -1 -82 
dx:
 0 -1  0  0  0  0  0  0  0 
 0  0  0  0  0  0  0  0  0 
 0  0  0  0  0  0  0  0  0 
 0  0  0  0  0  0  0  0  0 
 0  0  0  0  0  0  0  0  0 
 0  0  0  0  0  0  0  0  0 
 0  0  0  0  0  0  0  0  0 
 0  0  0  0  0  0  0  0  0 
 0  0  0  0  0  0  0  0  0 
dy:
 0  0  0  0  0  0  0  0  0 
 1  0  0  0  0  0  0  0  0 
 0  0  0  0  0  0  0  0  0 
 0  0  0  0  0  0  0  0  0 
 0  0  0  0  0  0  0  0  0 
 0  0  0  0  0  0  0  0  0 
 0  0  0  0  0  0  0  0  0 
 0  0  0  0  0  0  0  0  0 
 0  0  0  0  0  0  0  0  0 

----------------------------------------------
n = 9:
x x . . . . x . . 
x . . x . x . . . 
. . . . . . . . . 
. . . . . . . . . 
. . . . . . x . . 
. . . . . . . . . 
. . . . . . . . . 
. x . . . . . . . 
. . . . . . . x . 
ptr:
 -3   0 -82 -82 -82 -82  -1 -82 -82 
  0 -82 -82  -1 -82  -1 -82 -82 -82 
-82 -82 -82 -82 -82 -82 -82 -82 -82 
-82 -82 -82 -82 -82 -82 -82 -82 -82 
-82 -82 -82 -82 -82 -82  -1 -82 -82 
-82 -82 -82 -82 -82 -82 -82 -82 -82 
-82 -82 -82 -82 -82 -82 -82 -82 -82 
-82  -1 -82 -82 -82 -82 -82 -82 -82 
-82 -82 -82 -82 -82 -82 -82  -1 -82 
dx:
 0 -1  0  0  0  0  0  0  0 
 0  0  0  0  0  0  0  0  0 
 0  0  0  0  0  0  0  0  0 
 0  0  0  0  0  0  0  0  0 
 0  0  0  0  0  0  0  0  0 
 0  0  0  0  0  0  0  0  0 
 0  0  0  0  0  0  0  0  0 
 0  0  0  0  0  0  0  0  0 
 0  0  0  0  0  0  0  0  0 
dy:
 0  0  0  0  0  0  0  0  0 
 1  0  0  0  0  0  0  0  0 
 0  0  0  0  0  0  0  0  0 
 0  0  0  0  0  0  0  0  0 
 0  0  0  0  0  0  0  0  0 
 0  0  0  0  0  0  0  0  0 
 0  0  0  0  0  0  0  0  0 
 0  0  0  0  0  0  0  0  0 
 0  0  0  0  0  0  0  0  0 

----------------------------------------------
n = 10:
x x . . . . x . . 
x . . x . x . . x 
. . . . . . . . . 
. . . . . . . . . 
. . . . . . x . . 
. . . . . . . . . 
. . . . . . . . . 
. x . . . . . . . 
. . . . . . . x . 
ptr:
 -4   0 -82 -82 -82 -82  -1 -82 -82 
  0 -82 -82  -1 -82  -1 -82 -82   0 
-82 -82 -82 -82 -82 -82 -82 -82 -82 
-82 -82 -82 -82 -82 -82 -82 -82 -82 
-82 -82 -82 -82 -82 -82  -1 -82 -82 
-82 -82 -82 -82 -82 -82 -82 -82 -82 
-82 -82 -82 -82 -82 -82 -82 -82 -82 
-82  -1 -82 -82 -82 -82 -82 -82 -82 
-82 -82 -82 -82 -82 -82 -82  -1 -82 
dx:
 0 -1  0  0  0  0  0  0  0 
 0  0  0  0  0  0  0  0  1 
 0  0  0  0  0  0  0  0  0 
 0  0  0  0  0  0  0  0  0 
 0  0  0  0  0  0  0  0  0 
 0  0  0  0  0  0  0  0  0 
 0  0  0  0  0  0  0  0  0 
 0  0  0  0  0  0  0  0  0 
 0  0  0  0  0  0  0  0  0 
dy:
 0  0  0  0  0  0  0  0  0 
 1  0  0  0  0  0  0  0  1 
 0  0  0  0  0  0  0  0  0 
 0  0  0  0  0  0  0  0  0 
 0  0  0  0  0  0  0  0  0 
 0  0  0  0  0  0  0  0  0 
 0  0  0  0  0  0  0  0  0 
 0  0  0  0  0  0  0  0  0 
 0  0  0  0  0  0  0  0  0 

----------------------------------------------
n = 11:
x x . . . . x . . 
x x . x . x . . x 
. . . . . . . . . 
. . . . . . . . . 
. . . . . . x . . 
. . . . . . . . . 
. . . . . . . . . 
. x . . . . . . . 
. . . . . . . x . 
ptr:
 -5   0 -82 -82 -82 -82  -1 -82 -82 
  0   0 -82  -1 -82  -1 -82 -82   0 
-82 -82 -82 -82 -82 -82 -82 -82 -82 
-82 -82 -82 -82 -82 -82 -82 -82 -82 
-82 -82 -82 -82 -82 -82  -1 -82 -82 
-82 -82 -82 -82 -82 -82 -82 -82 -82 
-82 -82 -82 -82 -82 -82 -82 -82 -82 
-82  -1 -82 -82 -82 -82 -82 -82 -82 
-82 -82 -82 -82 -82 -82 -82  -1 -82 
dx:
 0 -1  0  0  0  0  0  0  0 
 0 -1  0  0  0  0  0  0  1 
 0  0  0  0  0  0  0  0  0 
 0  0  0  0  0  0  0  0  0 
 0  0  0  0  0  0  0  0  0 
 0  0  0  0  0  0  0  0  0 
 0  0  0  0  0  0  0  0  0 
 0  0  0  0  0  0  0  0  0 
 0  0  0  0  0  0  0  0  0 
dy:
 0  0  0  0  0  0  0  0  0 
 1  1  0  0  0  0  0  0  1 
 0  0  0  0  0  0  0  0  0 
 0  0  0  0  0  0  0  0  0 
 0  0  0  0  0  0  0  0  0 
 0  0  0  0  0  0  0  0  0 
 0  0  0  0  0  0  0  0  0 
 0  0  0  0  0  0  0  0  0 
 0  0  0  0  0  0  0  0  0 

----------------------------------------------
n = 12:
x x . . . . x . . 
x x . x . x . . x 
. . . . . . . . . 
. . . . . . . . . 
. . . . . . x . . 
. . . . . . . . x 
. . . . . . . . . 
. x . . . . . . . 
. . . . . . . x . 
ptr:
 -5   0 -82 -82 -82 -82  -1 -82 -82 
  0   0 -82  -1 -82  -1 -82 -82   0 
-82 -82 -82 -82 -82 -82 -82 -82 -82 
-82 -82 -82 -82 -82 -82 -82 -82 -82 
-82 -82 -82 -82 -82 -82  -1 -82 -82 
-82 -82 -82 -82 -82 -82 -82 -82  -1 
-82 -82 -82 -82 -82 -82 -82 -82 -82 
-82  -1 -82 -82 -82 -82 -82 -82 -82 
-82 -82 -82 -82 -82 -82 -82  -1 -82 
dx:
 0 -1  0  0  0  0  0  0  0 
 0 -1  0  0  0  0  0  0  1 
 0  0  0  0  0  0  0  0  0 
 0  0  0  0  0  0  0  0  0 
 0  0  0  0  0  0  0  0  0 
 0  0  0  0  0  0  0  0  0 
 0  0  0  0  0  0  0  0  0 
 0  0  0  0  0  0  0  0  0 
 0  0  0  0  0  0  0  0  0 
dy:
 0  0  0  0  0  0  0  0  0 
 1  1  0  0  0  0  0  0  1 
 0  0  0  0  0  0  0  0  0 
 0  0  0  0  0  0  0  0  0 
 0  0  0  0  0  0  0  0  0 
 0  0  0  0  0  0  0  0  0 
 0  0  0  0  0  0  0  0  0 
 0  0  0  0  0  0  0  0  0 
 0  0  0  0  0  0  0  0  0 

----------------------------------------------
n = 13:
x x . . . . x . . 
x x . x . x . . x 
. . . . . . . . . 
. . . . . . . . . 
. . . . . . x . . 
. . . . . . . . x 
. . . . . . . . . 
. x . . . . . . . 
. . . . . x . x . 
ptr:
 -5   0 -82 -82 -82 -82  -1 -82 -82 
  0   0 -82  -1 -82  -1 -82 -82   0 
-82 -82 -82 -82 -82 -82 -82 -82 -82 
-82 -82 -82 -82 -82 -82 -82 -82 -82 
-82 -82 -82 -82 -82 -82  -1 -82 -82 
-82 -82 -82 -82 -82 -82 -82 -82  -1 
-82 -82 -82 -82 -82 -82 -82 -82 -82 
-82  -1 -82 -82 -82 -82 -82 -82 -82 
-82 -82 -82 -82 -82  -1 -82  -1 -82 
dx:
 0 -1  0  0  0  0  0  0  0 
 0 -1  0  0  0  0  0  0  1 
 0  0  0  0  0  0  0  0  0 
 0  0  0  0  0  0  0  0  0 
 0  0  0  0  0  0  0  0  0 
 0  0  0  0  0  0  0  0  0 
 0  0  0  0  0  0  0  0  0 
 0  0  0  0  0  0  0  0  0 
 0  0  0  0  0  0  0  0  0 
dy:
 0  0  0  0  0  0  0  0  0 
 1  1  0  0  0  0  0  0  1 
 0  0  0  0  0  0  0  0  0 
 0  0  0  0  0  0  0  0  0 
 0  0  0  0  0  0  0  0  0 
 0  0  0  0  0  0  0  0  0 
 0  0  0  0  0  0  0  0  0 
 0  0  0  0  0  0  0  0  0 
 0  0  0  0  0  0  0  0  0 

----------------------------------------------
n = 14:
x x . . . . x . . 
x x . x . x . . x 
. . . . . . . . . 
. . . . . . . . . 
. . . . . . x . . 
. . . . . . . . x 
. . . . . . . . . 
. x . . . x . . . 
. . . . . x . x . 
ptr:
 -5   0 -82 -82 -82 -82  -1 -82 -82 
  0   0 -82  -1 -82  -1 -82 -82   0 
-82 -82 -82 -82 -82 -82 -82 -82 -82 
-82 -82 -82 -82 -82 -82 -82 -82 -82 
-82 -82 -82 -82 -82 -82  -1 -82 -82 
-82 -82 -82 -82 -82 -82 -82 -82  -1 
-82 -82 -82 -82 -82 -82 -82 -82 -82 
-82  -1 -82 -82 -82  -2 -82 -82 -82 
-82 -82 -82 -82 -82  68 -82  -1 -82 
dx:
 0 -1  0  0  0  0  0  0  0 
 0 -1  0  0  0  0  0  0  1 
 0  0  0  0  0  0  0  0  0 
 0  0  0  0  0  0  0  0  0 
 0  0  0  0  0  0  0  0  0 
 0  0  0  0  0  0  0  0  0 
 0  0  0  0  0  0  0  0  0 
 0  0  0  0  0  0  0  0  0 
 0  0  0  0  0  0  0  0  0 
dy:
 0  0  0  0  0  0  0  0  0 
 1  1  0  0  0  0  0  0  1 
 0  0  0  0  0  0  0  0  0 
 0  0  0  0  0  0  0  0  0 
 0  0  0  0  0  0  0  0  0 
 0  0  0  0  0  0  0  0  0 
 0  0  0  0  0  0  0  0  0 
 0  0  0  0  0  0  0  0  0 
 0  0  0  0  0  1  0  0  0 

----------------------------------------------
n = 15:
x x . . . . x . . 
x x . x . x . . x 
. . . . . . . . . 
. . . . . . . . . 
. . . . . . x . . 
. . . . . x . . x 
. . . . . . . . . 
. x . . . x . . . 
. . . . . x . x . 
ptr:
 -5   0 -82 -82 -82 -82  -1 -82 -82 
  0   0 -82  -1 -82  -1 -82 -82   0 
-82 -82 -82 -82 -82 -82 -82 -82 -82 
-82 -82 -82 -82 -82 -82 -82 -82 -82 
-82 -82 -82 -82 -82 -82  -1 -82 -82 
-82 -82 -82 -82 -82  -1 -82 -82  -1 
-82 -82 -82 -82 -82 -82 -82 -82 -82 
-82  -1 -82 -82 -82  -2 -82 -82 -82 
-82 -82 -82 -82 -82  68 -82  -1 -82 
dx:
 0 -1  0  0  0  0  0  0  0 
 0 -1  0  0  0  0  0  0  1 
 0  0  0  0  0  0  0  0  0 
 0  0  0  0  0  0  0  0  0 
 0  0  0  0  0  0  0  0  0 
 0  0  0  0  0  0  0  0  0 
 0  0  0  0  0  0  0  0  0 
 0  0  0  0  0  0  0  0  0 
 0  0  0  0  0  0  0  0  0 
dy:
 0  0  0  0  0  0  0  0  0 
 1  1  0  0  0  0  0  0  1 
 0  0  0  0  0  0  0  0  0 
 0  0  0  0  0  0  0  0  0 
 0  0  0  0  0  0  0  0  0 
 0  0  0  0  0  0  0  0  0 
 0  0  0  0  0  0  0  0  0 
 0  0  0  0  0  0  0  0  0 
 0  0  0  0  0  1  0  0  0 

----------------------------------------------
n = 16:
x x . . . . x . . 
x x . x . x . . x 
. . . . . . . . . 
. . . . . . x . . 
. . . . . . x . . 
. . . . . x . . x 
. . . . . . . . . 
. x . . . x . . . 
. . . . . x . x . 
ptr:
 -5   0 -82 -82 -82 -82  -1 -82 -82 
  0   0 -82  -1 -82  -1 -82 -82   0 
-82 -82 -82 -82 -82 -82 -82 -82 -82 
-82 -82 -82 -82 -82 -82  -2 -82 -82 
-82 -82 -82 -82 -82 -82  33 -82 -82 
-82 -82 -82 -82 -82  -1 -82 -82  -1 
-82 -82 -82 -82 -82 -82 -82 -82 -82 
-82  -1 -82 -82 -82  -2 -82 -82 -82 
-82 -82 -82 -82 -82  68 -82  -1 -82 
dx:
 0 -1  0  0  0  0  0  0  0 
 0 -1  0  0  0  0  0  0  1 
 0  0  0  0  0  0  0  0  0 
 0  0  0  0  0  0  0  0  0 
 0  0  0  0  0  0  0  0  0 
 0  0  0  0  0  0  0  0  0 
 0  0  0  0  0  0  0  0  0 
 0  0  0  0  0  0  0  0  0 
 0  0  0  0  0  0  0  0  0 
dy:
 0  0  0  0  0  0  0  0  0 
 1  1  0  0  0  0  0  0  1 
 0  0  0  0  0  0  0  0  0 
 0  0  0  0  0  0  0  0  0 
 0  0  0  0  0  0  1  0  0 
 0  0  0  0  0  0  0  0  0 
 0  0  0  0  0  0  0  0  0 
 0  0  0  0  0  0  0  0  0 
 0  0  0  0  0  1  0  0  0 

----------------------------------------------
n = 17:
x x . . . . x . . 
x x . x . x . . x 
. . . . . . . . . 
. . . . . . x . . 
. . . . . . x . . 
. . . . . x . . x 
. . . . . . . . . 
. x . x . x . . . 
. . . . . x . x . 
ptr:
 -5   0 -82 -82 -82 -82  -1 -82 -82 
  0   0 -82  -1 -82  -1 -82 -82   0 
-82 -82 -82 -82 -82 -82 -82 -82 -82 
-82 -82 -82 -82 -82 -82  -2 -82 -82 
-82 -82 -82 -82 -82 -82  33 -82 -82 
-82 -82 -82 -82 -82  -1 -82 -82  -1 
-82 -82 -82 -82 -82 -82 -82 -82 -82 
-82  -1 -82  -1 -82  -2 -82 -82 -82 
-82 -82 -82 -82 -82  68 -82  -1 -82 
dx:
 0 -1  0  0  0  0  0  0  0 
 0 -1  0  0  0  0  0  0  1 
 0  0  0  0  0  0  0  0  0 
 0  0  0  0  0  0  0  0  0 
 0  0  0  0  0  0  0  0  0 
 0  0  0  0  0  0  0  0  0 
 0  0  0  0  0  0  0  0  0 
 0  0  0  0  0  0  0  0  0 
 0  0  0  0  0  0  0  0  0 
dy:
 0  0  0  0  0  0  0  0  0 
 1  1  0  0  0  0  0  0  1 
 0  0  0  0  0  0  0  0  0 
 0  0  0  0  0  0  0  0  0 
 0  0  0  0  0  0  1  0  0 
 0  0  0  0  0  0  0  0  0 
 0  0  0  0  0  0  0  0  0 
 0  0  0  0  0  0  0  0  0 
 0  0  0  0  0  1  0  0  0 

----------------------------------------------
n = 18:
x x . . . . x . . 
x x . x . x . . x 
. . . . . x . . . 
. . . . . . x . . 
. . . . . . x . . 
. . . . . x . . x 
. . . . . . . . . 
. x . x . x . . . 
. . . . . x . x . 
ptr:
 -5   0 -82 -82 -82 -82  -1 -82 -82 
  0   0 -82  -1 -82  23 -82 -82   0 
-82 -82 -82 -82 -82  -2 -82 -82 -82 
-82 -82 -82 -82 -82 -82  -2 -82 -82 
-82 -82 -82 -82 -82 -82  33 -82 -82 
-82 -82 -82 -82 -82  -1 -82 -82  -1 
-82 -82 -82 -82 -82 -82 -82 -82 -82 
-82  -1 -82  -1 -82  -2 -82 -82 -82 
-82 -82 -82 -82 -82  68 -82  -1 -82 
dx:
 0 -1  0  0  0  0  0  0  0 
 0 -1  0  0  0  0  0  0  1 
 0  0  0  0  0  0  0  0  0 
 0  0  0  0  0  0  0  0  0 
 0  0  0  0  0  0  0  0  0 
 0  0  0  0  0  0  0  0  0 
 0  0  0  0  0  0  0  0  0 
 0  0  0  0  0  0  0  0  0 
 0  0  0  0  0  0  0  0  0 
dy:
 0  0  0  0  0  0  0  0  0 
 1  1  0  0  0 -1  0  0  1 
 0  0  0  0  0  0  0  0  0 
 0  0  0  0  0  0  0  0  0 
 0  0  0  0  0  0  1  0  0 
 0  0  0  0  0  0  0  0  0 
 0  0  0  0  0  0  0  0  0 
 0  0  0  0  0  0  0  0  0 
 0  0  0  0  0  1  0  0  0 

----------------------------------------------
n = 19:
x x . . . . x . . 
x x . x . x . . x 
x . . . . x . . . 
. . . . . . x . . 
. . . . . . x . . 
. . . . . x . . x 
. . . . . . . . . 
. x . x . x . . . 
. . . . . x . x . 
ptr:
 -6   0 -82 -82 -82 -82  -1 -82 -82 
  0   0 -82  -1 -82  23 -82 -82   0 
  0 -82 -82 -82 -82  -2 -82 -82 -82 
-82 -82 -82 -82 -82 -82  -2 -82 -82 
-82 -82 -82 -82 -82 -82  33 -82 -82 
-82 -82 -82 -82 -82  -1 -82 -82  -1 
-82 -82 -82 -82 -82 -82 -82 -82 -82 
-82  -1 -82  -1 -82  -2 -82 -82 -82 
-82 -82 -82 -82 -82  68 -82  -1 -82 
dx:
 0 -1  0  0  0  0  0  0  0 
 0 -1  0  0  0  0  0  0  1 
 0  0  0  0  0  0  0  0  0 
 0  0  0  0  0  0  0  0  0 
 0  0  0  0  0  0  0  0  0 
 0  0  0  0  0  0  0  0  0 
 0  0  0  0  0  0  0  0  0 
 0  0  0  0  0  0  0  0  0 
 0  0  0  0  0  0  0  0  0 
dy:
 0  0  0  0  0  0  0  0  0 
 1  1  0  0  0 -1  0  0  1 
 2  0  0  0  0  0  0  0  0 
 0  0  0  0  0  0  0  0  0 
 0  0  0  0  0  0  1  0  0 
 0  0  0  0  0  0  0  0  0 
 0  0  0  0  0  0  0  0  0 
 0  0  0  0  0  0  0  0  0 
 0  0  0  0  0  1  0  0  0 

----------------------------------------------
n = 20:
x x . . . . x . . 
x x . x . x . . x 
x . . . . x . . . 
. . . . . . x . . 
. . . . . . x . . 
. . . . . x . . x 
. . x . . . . . . 
. x . x . x . . . 
. . . . . x . x . 
ptr:
 -6   0 -82 -82 -82 -82  -1 -82 -82 
  0   0 -82  -1 -82  23 -82 -82   0 
  0 -82 -82 -82 -82  -2 -82 -82 -82 
-82 -82 -82 -82 -82 -82  -2 -82 -82 
-82 -82 -82 -82 -82 -82  33 -82 -82 
-82 -82 -82 -82 -82  -1 -82 -82  -1 
-82 -82  -1 -82 -82 -82 -82 -82 -82 
-82  -1 -82  -1 -82  -2 -82 -82 -82 
-82 -82 -82 -82 -82  68 -82  -1 -82 
dx:
 0 -1  0  0  0  0  0  0  0 
 0 -1  0  0  0  0  0  0  1 
 0  0  0  0  0  0  0  0  0 
 0  0  0  0  0  0  0  0  0 
 0  0  0  0  0  0  0  0  0 
 0  0  0  0  0  0  0  0  0 
 0  0  0  0  0  0  0  0  0 
 0  0  0  0  0  0  0  0  0 
 0  0  0  0  0  0  0  0  0 
dy:
 0  0  0  0  0  0  0  0  0 
 1  1  0  0  0 -1  0  0  1 
 2  0  0  0  0  0  0  0  0 
 0  0  0  0  0  0  0  0  0 
 0  0  0  0  0  0  1  0  0 
 0  0  0  0  0  0  0  0  0 
 0  0  0  0  0  0  0  0  0 
 0  0  0  0  0  0  0  0  0 
 0  0  0  0  0  1  0  0  0 

----------------------------------------------
n = 21:
x x . . . . x . . 
x x . x . x . . x 
x . . . . x . . . 
. . . . . . x . . 
. . . . . . x . . 
. . . . . x . . x 
. . x . . . . . . 
. x . x . x . . . 
. . . . . x . x x 
ptr:
 -6   0 -82 -82 -82 -82  -1 -82 -82 
  0   0 -82  -1 -82  23 -82 -82   0 
  0 -82 -82 -82 -82  -2 -82 -82 -82 
-82 -82 -82 -82 -82 -82  -2 -82 -82 
-82 -82 -82 -82 -82 -82  33 -82 -82 
-82 -82 -82 -82 -82  -1 -82 -82  -1 
-82 -82  -1 -82 -82 -82 -82 -82 -82 
-82  -1 -82  -1 -82  -2 -82 -82 -82 
-82 -82 -82 -82 -82  68 -82  80  -2 
dx:
 0 -1  0  0  0  0  0  0  0 
 0 -1  0  0  0  0  0  0  1 
 0  0  0  0  0  0  0  0  0 
 0  0  0  0  0  0  0  0  0 
 0  0  0  0  0  0  0  0  0 
 0  0  0  0  0  0  0  0  0 
 0  0  0  0  0  0  0  0  0 
 0  0  0  0  0  0  0  0  0 
 0  0  0  0  0  0  0  1  0 
dy:
 0  0  0  0  0  0  0  0  0 
 1  1  0  0  0 -1  0  0  1 
 2  0  0  0  0  0  0  0  0 
 0  0  0  0  0  0  0  0  0 
 0  0  0  0  0  0  1  0  0 
 0  0  0  0  0  0  0  0  0 
 0  0  0  0  0  0  0  0  0 
 0  0  0  0  0  0  0  0  0 
 0  0  0  0  0  1  0  0  0 

----------------------------------------------
n = 22:
x x . . . . x . . 
x x . x . x . . x 
x . . . . x . . . 
. . . . . . x . . 
. . . . . . x . . 
. . . . . x . . x 
. . x . . . . . . 
. x x x . x . . . 
. . . . . x . x x 
ptr:
 -6   0 -82 -82 -82 -82  -1 -82 -82 
  0   0 -82  -1 -82  23 -82 -82   0 
  0 -82 -82 -82 -82  -2 -82 -82 -82 
-82 -82 -82 -82 -82 -82  -2 -82 -82 
-82 -82 -82 -82 -82 -82  33 -82 -82 
-82 -82 -82 -82 -82  -1 -82 -82  -1 
-82 -82  65 -82 -82 -82 -82 -82 -82 
-82  65  -4  65 -82  -2 -82 -82 -82 
-82 -82 -82 -82 -82  68 -82  80  -2 
dx:
 0 -1  0  0  0  0  0  0  0 
 0 -1  0  0  0  0  0  0  1 
 0  0  0  0  0  0  0  0  0 
 0  0  0  0  0  0  0  0  0 
 0  0  0  0  0  0  0  0  0 
 0  0  0  0  0  0  0  0  0 
 0  0  0  0  0  0  0  0  0 
 0  1  0 -1  0  0  0  0  0 
 0  0  0  0  0  0  0  1  0 
dy:
 0  0  0  0  0  0  0  0  0 
 1  1  0  0  0 -1  0  0  1 
 2  0  0  0  0  0  0  0  0 
 0  0  0  0  0  0  0  0  0 
 0  0  0  0  0  0  1  0  0 
 0  0  0  0  0  0  0  0  0 
 0  0 -1  0  0  0  0  0  0 
 0  0  0  0  0  0  0  0  0 
 0  0  0  0  0  1  0  0  0 

----------------------------------------------
n = 23:
x x . . . . x . . 
x x . x . x . . x 
x . . . . x . . . 
. . . . . . x . . 
. . . . . . x . . 
. . . . . x . x x 
. . x . . . . . . 
. x x x . x . . . 
. . . . . x . x x 
ptr:
 -6   0 -82 -82 -82 -82  -1 -82 -82 
  0   0 -82  -1 -82  23 -82 -82   0 
  0 -82 -82 -82 -82  -2 -82 -82 -82 
-82 -82 -82 -82 -82 -82  -2 -82 -82 
-82 -82 -82 -82 -82 -82  33 -82 -82 
-82 -82 -82 -82 -82  -1 -82  -2  52 
-82 -82  65 -82 -82 -82 -82 -82 -82 
-82  65  -4  65 -82  -2 -82 -82 -82 
-82 -82 -82 -82 -82  68 -82  80  -2 
dx:
 0 -1  0  0  0  0  0  0  0 
 0 -1  0  0  0  0  0  0  1 
 0  0  0  0  0  0  0  0  0 
 0  0  0  0  0  0  0  0  0 
 0  0  0  0  0  0  0  0  0 
 0  0  0  0  0  0  0  0 -1 
 0  0  0  0  0  0  0  0  0 
 0  1  0 -1  0  0  0  0  0 
 0  0  0  0  0  0  0  1  0 
dy:
 0  0  0  0  0  0  0  0  0 
 1  1  0  0  0 -1  0  0  1 
 2  0  0  0  0  0  0  0  0 
 0  0  0  0  0  0  0  0  0 
 0  0  0  0  0  0  1  0  0 
 0  0  0  0  0  0  0  0  0 
 0  0 -1  0  0  0  0  0  0 
 0  0  0  0  0  0  0  0  0 
 0  0  0  0  0  1  0  0  0 

----------------------------------------------
n = 24:
x x . . . . x . . 
x x . x . x . . x 
x . . . . x . . . 
. . . . . . x . . 
. . . . . . x . . 
. . . . . x . x x 
. . x . . . . . . 
. x x x . x . . . 
. . x . . x . x x 
ptr:
 -6   0 -82 -82 -82 -82  -1 -82 -82 
  0   0 -82  -1 -82  23 -82 -82   0 
  0 -82 -82 -82 -82  -2 -82 -82 -82 
-82 -82 -82 -82 -82 -82  -2 -82 -82 
-82 -82 -82 -82 -82 -82  33 -82 -82 
-82 -82 -82 -82 -82  -1 -82  -2  52 
-82 -82  65 -82 -82 -82 -82 -82 -82 
-82  65  -5  65 -82  -2 -82 -82 -82 
-82 -82  65 -82 -82  68 -82  80  -2 
dx:
 0 -1  0  0  0  0  0  0  0 
 0 -1  0  0  0  0  0  0  1 
 0  0  0  0  0  0  0  0  0 
 0  0  0  0  0  0  0  0  0 
 0  0  0  0  0  0  0  0  0 
 0  0  0  0  0  0  0  0 -1 
 0  0  0  0  0  0  0  0  0 
 0  1  0 -1  0  0  0  0  0 
 0  0  0  0  0  0  0  1  0 
dy:
 0  0  0  0  0  0  0  0  0 
 1  1  0  0  0 -1  0  0  1 
 2  0  0  0  0  0  0  0  0 
 0  0  0  0  0  0  0  0  0 
 0  0  0  0  0  0  1  0  0 
 0  0  0  0  0  0  0  0  0 
 0  0 -1  0  0  0  0  0  0 
 0  0  0  0  0  0  0  0  0 
 0  0  1  0  0  1  0  0  0 

----------------------------------------------
n = 25:
x x . . . . x . . 
x x . x . x . . x 
x . . . . x x . . 
. . . . . . x . . 
. . . . . . x . . 
. . . . . x . x x 
. . x . . . . . . 
. x x x . x . . . 
. . x . . x . x x 
ptr:
 -6   0 -82 -82 -82 -82  -1 -82 -82 
  0   0 -82  -1 -82  23 -82 -82   0 
  0 -82 -82 -82 -82  -5  23 -82 -82 
-82 -82 -82 -82 -82 -82  23 -82 -82 
-82 -82 -82 -82 -82 -82  33 -82 -82 
-82 -82 -82 -82 -82  -1 -82  -2  52 
-82 -82  65 -82 -82 -82 -82 -82 -82 
-82  65  -5  65 -82  -2 -82 -82 -82 
-82 -82  65 -82 -82  68 -82  80  -2 
dx:
 0 -1  0  0  0  0  0  0  0 
 0 -1  0  0  0  0  0  0  1 
 0  0  0  0  0  0 -1  0  0 
 0  0  0  0  0  0 -1  0  0 
 0  0  0  0  0  0  0  0  0 
 0  0  0  0  0  0  0  0 -1 
 0  0  0  0  0  0  0  0  0 
 0  1  0 -1  0  0  0  0  0 
 0  0  0  0  0  0  0  1  0 
dy:
 0  0  0  0  0  0  0  0  0 
 1  1  0  0  0 -1  0  0  1 
 2  0  0  0  0  0  0  0  0 
 0  0  0  0  0  0  1  0  0 
 0  0  0  0  0  0  1  0  0 
 0  0  0  0  0  0  0  0  0 
 0  0 -1  0  0  0  0  0  0 
 0  0  0  0  0  0  0  0  0 
 0  0  1  0  0  1  0  0  0 

----------------------------------------------
n = 26:
x x . . . . x . . 
x x . x . x . . x 
x . . . . x x . . 
. . . . . . x . . 
. . . . . . x . . 
. . . . . x . x x 
. x x . . . . . . 
. x x x . x . . . 
. . x . . x . x x 
ptr:
 -6   0 -82 -82 -82 -82  -1 -82 -82 
  0   0 -82  -1 -82  23 -82 -82   0 
  0 -82 -82 -82 -82  -5  23 -82 -82 
-82 -82 -82 -82 -82 -82  23 -82 -82 
-82 -82 -82 -82 -82 -82  33 -82 -82 
-82 -82 -82 -82 -82  -1 -82  -2  52 
-82  65  65 -82 -82 -82 -82 -82 -82 
-82  65  -6  65 -82  -2 -82 -82 -82 
-82 -82  65 -82 -82  68 -82  80  -2 
dx:
 0 -1  0  0  0  0  0  0  0 
 0 -1  0  0  0  0  0  0  1 
 0  0  0  0  0  0 -1  0  0 
 0  0  0  0  0  0 -1  0  0 
 0  0  0  0  0  0  0  0  0 
 0  0  0  0  0  0  0  0 -1 
 0  1  0  0  0  0  0  0  0 
 0  1  0 -1  0  0  0  0  0 
 0  0  0  0  0  0  0  1  0 
dy:
 0  0  0  0  0  0  0  0  0 
 1  1  0  0  0 -1  0  0  1 
 2  0  0  0  0  0  0  0  0 
 0  0  0  0  0  0  1  0  0 
 0  0  0  0  0  0  1  0  0 
 0  0  0  0  0  0  0  0  0 
 0 -1 -1  0  0  0  0  0  0 
 0  0  0  0  0  0  0  0  0 
 0  0  1  0  0  1  0  0  0 

----------------------------------------------
n = 27:
x x . . . . x . . 
x x . x . x . . x 
x . . . . x x . . 
. . . . . . x . . 
. . . . . . x . . 
. . . x . x . x x 
. x x . . . . . . 
. x x x . x . . . 
. . x . . x . x x 
ptr:
 -6   0 -82 -82 -82 -82  -1 -82 -82 
  0   0 -82  -1 -82  23 -82 -82   0 
  0 -82 -82 -82 -82  -5  23 -82 -82 
-82 -82 -82 -82 -82 -82  23 -82 -82 
-82 -82 -82 -82 -82 -82  33 -82 -82 
-82 -82 -82  -1 -82  -1 -82  -2  52 
-82  65  65 -82 -82 -82 -82 -82 -82 
-82  65  -6  65 -82  -2 -82 -82 -82 
-82 -82  65 -82 -82  68 -82  80  -2 
dx:
 0 -1  0  0  0  0  0  0  0 
 0 -1  0  0  0  0  0  0  1 
 0  0  0  0  0  0 -1  0  0 
 0  0  0  0  0  0 -1  0  0 
 0  0  0  0  0  0  0  0  0 
 0  0  0  0  0  0  0  0 -1 
 0  1  0  0  0  0  0  0  0 
 0  1  0 -1  0  0  0  0  0 
 0  0  0  0  0  0  0  1  0 
dy:
 0  0  0  0  0  0  0  0  0 
 1  1  0  0  0 -1  0  0  1 
 2  0  0  0  0  0  0  0  0 
 0  0  0  0  0  0  1  0  0 
 0  0  0  0  0  0  1  0  0 
 0  0  0  0  0  0  0  0  0 
 0 -1 -1  0  0  0  0  0  0 
 0  0  0  0  0  0  0  0  0 
 0  0  1  0  0  1  0  0  0 

----------------------------------------------
n = 28:
x x . . . . x . . 
x x . x . x . . x 
x . . . . x x x . 
. . . . . . x . . 
. . . . . . x . . 
. . . x . x . x x 
. x x . . . . . . 
. x x x . x . . . 
. . x . . x . x x 
ptr:
 -6   0 -82 -82 -82 -82  -1 -82 -82 
  0   0 -82  -1 -82  23 -82 -82   0 
  0 -82 -82 -82 -82  -6  23  23 -82 
-82 -82 -82 -82 -82 -82  23 -82 -82 
-82 -82 -82 -82 -82 -82  33 -82 -82 
-82 -82 -82  -1 -82  -1 -82  -2  52 
-82  65  65 -82 -82 -82 -82 -82 -82 
-82  65  -6  65 -82  -2 -82 -82 -82 
-82 -82  65 -82 -82  68 -82  80  -2 
dx:
 0 -1  0  0  0  0  0  0  0 
 0 -1  0  0  0  0  0  0  1 
 0  0  0  0  0  0 -1 -2  0 
 0  0  0  0  0  0 -1  0  0 
 0  0  0  0  0  0  0  0  0 
 0  0  0  0  0  0  0  0 -1 
 0  1  0  0  0  0  0  0  0 
 0  1  0 -1  0  0  0  0  0 
 0  0  0  0  0  0  0  1  0 
dy:
 0  0  0  0  0  0  0  0  0 
 1  1  0  0  0 -1  0  0  1 
 2  0  0  0  0  0  0  0  0 
 0  0  0  0  0  0  1  0  0 
 0  0  0  0  0  0  1  0  0 
 0  0  0  0  0  0  0  0  0 
 0 -1 -1  0  0  0  0  0  0 
 0  0  0  0  0  0  0  0  0 
 0  0  1  0  0  1  0  0  0 

----------------------------------------------
n = 29:
x x . . . . x . . 
x x . x . x . . x 
x . . . . x x x . 
. . . x . . x . . 
. . . . . . x . . 
. . . x . x . x x 
. x x . . . . . . 
. x x x . x . . . 
. . x . . x . x x 
ptr:
 -6   0 -82 -82 -82 -82  -1 -82 -82 
  0   0 -82  -1 -82  23 -82 -82   0 
  0 -82 -82 -82 -82  -6  23  23 -82 
-82 -82 -82  -1 -82 -82  23 -82 -82 
-82 -82 -82 -82 -82 -82  33 -82 -82 
-82 -82 -82  -1 -82  -1 -82  -2  52 
-82  65  65 -82 -82 -82 -82 -82 -82 
-82  65  -6  65 -82  -2 -82 -82 -82 
-82 -82  65 -82 -82  68 -82  80  -2 
dx:
 0 -1  0  0  0  0  0  0  0 
 0 -1  0  0  0  0  0  0  1 
 0  0  0  0  0  0 -1 -2  0 
 0  0  0  0  0  0 -1  0  0 
 0  0  0  0  0  0  0  0  0 
 0  0  0  0  0  0  0  0 -1 
 0  1  0  0  0  0  0  0  0 
 0  1  0 -1  0  0  0  0  0 
 0  0  0  0  0  0  0  1  0 
dy:
 0  0  0  0  0  0  0  0  0 
 1  1  0  0  0 -1  0  0  1 
 2  0  0  0  0  0  0  0  0 
 0  0  0  0  0  0  1  0  0 
 0  0  0  0  0  0  1  0  0 
 0  0  0  0  0  0  0  0  0 
 0 -1 -1  0  0  0  0  0  0 
 0  0  0  0  0  0  0  0  0 
 0  0  1  0  0  1  0  0  0 

----------------------------------------------
n = 30:
x x . . . . x . . 
x x . x . x . . x 
x . . . . x x x . 
. . . x . . x . . 
x . . . . . x . . 
. . . x . x . x x 
. x x . . . . . . 
. x x x . x . . . 
. . x . . x . x x 
ptr:
 -6   0 -82 -82 -82 -82  -1 -82 -82 
  0   0 -82  -1 -82  23 -82 -82   0 
  0 -82 -82 -82 -82  -6  23  23 -82 
-82 -82 -82  -1 -82 -82  23 -82 -82 
 -1 -82 -82 -82 -82 -82  33 -82 -82 
-82 -82 -82  -1 -82  -1 -82  -2  52 
-82  65  65 -82 -82 -82 -82 -82 -82 
-82  65  -6  65 -82  -2 -82 -82 -82 
-82 -82  65 -82 -82  68 -82  80  -2 
dx:
 0 -1  0  0  0  0  0  0  0 
 0 -1  0  0  0  0  0  0  1 
 0  0  0  0  0  0 -1 -2  0 
 0  0  0  0  0  0 -1  0  0 
 0  0  0  0  0  0  0  0  0 
 0  0  0  0  0  0  0  0 -1 
 0  1  0  0  0  0  0  0  0 
 0  1  0 -1  0  0  0  0  0 
 0  0  0  0  0  0  0  1  0 
dy:
 0  0  0  0  0  0  0  0  0 
 1  1  0  0  0 -1  0  0  1 
 2  0  0  0  0  0  0  0  0 
 0  0  0  0  0  0  1  0  0 
 0  0  0  0  0  0  1  0  0 
 0  0  0  0  0  0  0  0  0 
 0 -1 -1  0  0  0  0  0  0 
 0  0  0  0  0  0  0  0  0 
 0  0  1  0  0  1  0  0  0 

----------------------------------------------
n = 31:
x x . . . . x . . 
x x x x . x . . x 
x . . . . x x x . 
. . . x . . x . . 
x . . . . . x . . 
. . . x . x . x x 
. x x . . . . . . 
. x x x . x . . . 
. . x . . x . x x 
ptr:
 -8   0 -82 -82 -82 -82  -1 -82 -82 
  0   0   0  11 -82  23 -82 -82   0 
  0 -82 -82 -82 -82  -6  23  23 -82 
-82 -82 -82  -1 -82 -82  23 -82 -82 
 -1 -82 -82 -82 -82 -82  33 -82 -82 
-82 -82 -82  -1 -82  -1 -82  -2  52 
-82  65  65 -82 -82 -82 -82 -82 -82 
-82  65  -6  65 -82  -2 -82 -82 -82 
-82 -82  65 -82 -82  68 -82  80  -2 
dx:
 0 -1  0  0  0  0  0  0  0 
 0 -1 -2 -1  0  0  0  0  1 
 0  0  0  0  0  0 -1 -2  0 
 0  0  0  0  0  0 -1  0  0 
 0  0  0  0  0  0  0  0  0 
 0  0  0  0  0  0  0  0 -1 
 0  1  0  0  0  0  0  0  0 
 0  1  0 -1  0  0  0  0  0 
 0  0  0  0  0  0  0  1  0 
dy:
 0  0  0  0  0  0  0  0  0 
 1  1  1  0  0 -1  0  0  1 
 2  0  0  0  0  0  0  0  0 
 0  0  0  0  0  0  1  0  0 
 0  0  0  0  0  0  1  0  0 
 0  0  0  0  0  0  0  0  0 
 0 -1 -1  0  0  0  0  0  0 
 0  0  0  0  0  0  0  0  0 
 0  0  1  0  0  1  0  0  0 

----------------------------------------------
n = 32:
x x . . . . x . . 
x x x x . x x . x 
x . . . . x x x . 
. . . x . . x . . 
x . . . . . x . . 
. . . x . x . x x 
. x x . . . . . . 
. x x x . x . . . 
. . x . . x . x x 
ptr:
 -8   0 -82 -82 -82 -82  23 -82 -82 
  0   0   0  11 -82  23  23 -82   0 
  0 -82 -82 -82 -82  -8  23  23 -82 
-82 -82 -82  -1 -82 -82  23 -82 -82 
 -1 -82 -82 -82 -82 -82  33 -82 -82 
-82 -82 -82  -1 -82  -1 -82  -2  52 
-82  65  65 -82 -82 -82 -82 -82 -82 
-82  65  -6  65 -82  -2 -82 -82 -82 
-82 -82  65 -82 -82  68 -82  80  -2 
dx:
 0 -1  0  0  0  0 -1  0  0 
 0 -1 -2 -1  0  0 -1  0  1 
 0  0  0  0  0  0 -1 -2  0 
 0  0  0  0  0  0 -1  0  0 
 0  0  0  0  0  0  0  0  0 
 0  0  0  0  0  0  0  0 -1 
 0  1  0  0  0  0  0  0  0 
 0  1  0 -1  0  0  0  0  0 
 0  0  0  0  0  0  0  1  0 
dy:
 0  0  0  0  0  0 -2  0  0 
 1  1  1  0  0 -1 -1  0  1 
 2  0  0  0  0  0  0  0  0 
 0  0  0  0  0  0  1  0  0 
 0  0  0  0  0  0  1  0  0 
 0  0  0  0  0  0  0  0  0 
 0 -1 -1  0  0  0  0  0  0 
 0  0  0  0  0  0  0  0  0 
 0  0  1  0  0  1  0  0  0 

----------------------------------------------
n = 33:
x x . . . . x . . 
x x x x . x x . x 
x . . . . x x x . 
. . . x . . x . . 
x . . . x . x . . 
. . . x . x . x x 
. x x . . . . . . 
. x x x . x . . . 
. . x . . x . x x 
ptr:
 -8   0 -82 -82 -82 -82  23 -82 -82 
  0   0   0  11 -82  23  23 -82   0 
  0 -82 -82 -82 -82  -8  23  23 -82 
-82 -82 -82  -1 -82 -82  23 -82 -82 
 -1 -82 -82 -82  -1 -82  33 -82 -82 
-82 -82 -82  -1 -82  -1 -82  -2  52 
-82  65  65 -82 -82 -82 -82 -82 -82 
-82  65  -6  65 -82  -2 -82 -82 -82 
-82 -82  65 -82 -82  68 -82  80  -2 
dx:
 0 -1  0  0  0  0 -1  0  0 
 0 -1 -2 -1  0  0 -1  0  1 
 0  0  0  0  0  0 -1 -2  0 
 0  0  0  0  0  0 -1  0  0 
 0  0  0  0  0  0  0  0  0 
 0  0  0  0  0  0  0  0 -1 
 0  1  0  0  0  0  0  0  0 
 0  1  0 -1  0  0  0  0  0 
 0  0  0  0  0  0  0  1  0 
dy:
 0  0  0  0  0  0 -2  0  0 
 1  1  1  0  0 -1 -1  0  1 
 2  0  0  0  0  0  0  0  0 
 0  0  0  0  0  0  1  0  0 
 0  0  0  0  0  0  1  0  0 
 0  0  0  0  0  0  0  0  0 
 0 -1 -1  0  0  0  0  0  0 
 0  0  0  0  0  0  0  0  0 
 0  0  1  0  0  1  0  0  0 

----------------------------------------------
n = 34:
x x . . . . x . . 
x x x x . x x . x 
x . . . . x x x . 
. . . x . . x . . 
x . . . x . x . . 
. . . x . x . x x 
. x x . . . . . x 
. x x x . x . . . 
. . x . . x . x x 
ptr:
 -8   0 -82 -82 -82 -82  23 -82 -82 
  0   0   0  11 -82  23  23 -82   0 
  0 -82 -82 -82 -82  -8  23  23 -82 
-82 -82 -82  -1 -82 -82  23 -82 -82 
 -1 -82 -82 -82  -1 -82  33 -82 -82 
-82 -82 -82  -1 -82  -1 -82  -3  52 
-82  65  65 -82 -82 -82 -82 -82  52 
-82  65  -6  65 -82  -2 -82 -82 -82 
-82 -82  65 -82 -82  68 -82  80  -2 
dx:
 0 -1  0  0  0  0 -1  0  0 
 0 -1 -2 -1  0  0 -1  0  1 
 0  0  0  0  0  0 -1 -2  0 
 0  0  0  0  0  0 -1  0  0 
 0  0  0  0  0  0  0  0  0 
 0  0  0  0  0  0  0  0 -1 
 0  1  0  0  0  0  0  0 -1 
 0  1  0 -1  0  0  0  0  0 
 0  0  0  0  0  0  0  1  0 
dy:
 0  0  0  0  0  0 -2  0  0 
 1  1  1  0  0 -1 -1  0  1 
 2  0  0  0  0  0  0  0  0 
 0  0  0  0  0  0  1  0  0 
 0  0  0  0  0  0  1  0  0 
 0  0  0  0  0  0  0  0  0 
 0 -1 -1  0  0  0  0  0  1 
 0  0  0  0  0  0  0  0  0 
 0  0  1  0  0  1  0  0  0 

----------------------------------------------
n = 35:
x x . . . . x . . 
x x x x . x x . x 
x . . . . x x x . 
. . x x . . x . . 
x . . . x . x . . 
. . . x . x . x x 
. x x . . . . . x 
. x x x . x . . . 
. . x . . x . x x 
ptr:
 -8   0 -82 -82 -82 -82  23 -82 -82 
  0   0   0  11 -82  23  23 -82   0 
  0 -82 -82 -82 -82  -8  23  23 -82 
-82 -82  -2  29 -82 -82  23 -82 -82 
 -1 -82 -82 -82  -1 -82  33 -82 -82 
-82 -82 -82  -1 -82  -1 -82  -3  52 
-82  65  65 -82 -82 -82 -82 -82  52 
-82  65  -6  65 -82  -2 -82 -82 -82 
-82 -82  65 -82 -82  68 -82  80  -2 
dx:
 0 -1  0  0  0  0 -1  0  0 
 0 -1 -2 -1  0  0 -1  0  1 
 0  0  0  0  0  0 -1 -2  0 
 0  0  0 -1  0  0 -1  0  0 
 0  0  0  0  0  0  0  0  0 
 0  0  0  0  0  0  0  0 -1 
 0  1  0  0  0  0  0  0 -1 
 0  1  0 -1  0  0  0  0  0 
 0  0  0  0  0  0  0  1  0 
dy:
 0  0  0  0  0  0 -2  0  0 
 1  1  1  0  0 -1 -1  0  1 
 2  0  0  0  0  0  0  0  0 
 0  0  0  0  0  0  1  0  0 
 0  0  0  0  0  0  1  0  0 
 0  0  0  0  0  0  0  0  0 
 0 -1 -1  0  0  0  0  0  1 
 0  0  0  0  0  0  0  0  0 
 0  0  1  0  0  1  0  0  0 

----------------------------------------------
n = 36:
x x . . . . x . . 
x x x x . x x . x 
x . . . . x x x . 
. . x x . . x . . 
x . x . x . x . . 
. . . x . x . x x 
. x x . . . . . x 
. x x x . x . . . 
. . x . . x . x x 
ptr:
 -8   0 -82 -82 -82 -82  23 -82 -82 
  0   0   0  11 -82  23  23 -82   0 
  0 -82 -82 -82 -82  -8  23  23 -82 
-82 -82  -3  29 -82 -82  23 -82 -82 
 -1 -82  29 -82  -1 -82  33 -82 -82 
-82 -82 -82  -1 -82  -1 -82  -3  52 
-82  65  65 -82 -82 -82 -82 -82  52 
-82  65  -6  65 -82  -2 -82 -82 -82 
-82 -82  65 -82 -82  68 -82  80  -2 
dx:
 0 -1  0  0  0  0 -1  0  0 
 0 -1 -2 -1  0  0 -1  0  1 
 0  0  0  0  0  0 -1 -2  0 
 0  0  0 -1  0  0 -1  0  0 
 0  0  0  0  0  0  0  0  0 
 0  0  0  0  0  0  0  0 -1 
 0  1  0  0  0  0  0  0 -1 
 0  1  0 -1  0  0  0  0  0 
 0  0  0  0  0  0  0  1  0 
dy:
 0  0  0  0  0  0 -2  0  0 
 1  1  1  0  0 -1 -1  0  1 
 2  0  0  0  0  0  0  0  0 
 0  0  0  0  0  0  1  0  0 
 0  0  1  0  0  0  1  0  0 
 0  0  0  0  0  0  0  0  0 
 0 -1 -1  0  0  0  0  0  1 
 0  0  0  0  0  0  0  0  0 
 0  0  1  0  0  1  0  0  0 

----------------------------------------------
n = 37:
x x . . . . x . . 
x x x x . x x . x 
x . . . . x x x . 
. . x x . . x . . 
x . x . x . x . . 
. . . x . x . x x 
. x x . . . . . x 
x x x x . x . . . 
. . x . . x . x x 
ptr:
 -8   0 -82 -82 -82 -82  23 -82 -82 
  0   0   0  11 -82  23  23 -82   0 
  0 -82 -82 -82 -82  -8  23  23 -82 
-82 -82  -3  29 -82 -82  23 -82 -82 
 -1 -82  29 -82  -1 -82  33 -82 -82 
-82 -82 -82  -1 -82  -1 -82  -3  52 
-82  65  65 -82 -82 -82 -82 -82  52 
 65  65  -7  65 -82  -2 -82 -82 -82 
-82 -82  65 -82 -82  68 -82  80  -2 
dx:
 0 -1  0  0  0  0 -1  0  0 
 0 -1 -2 -1  0  0 -1  0  1 
 0  0  0  0  0  0 -1 -2  0 
 0  0  0 -1  0  0 -1  0  0 
 0  0  0  0  0  0  0  0  0 
 0  0  0  0  0  0  0  0 -1 
 0  1  0  0  0  0  0  0 -1 
 2  1  0 -1  0  0  0  0  0 
 0  0  0  0  0  0  0  1  0 
dy:
 0  0  0  0  0  0 -2  0  0 
 1  1  1  0  0 -1 -1  0  1 
 2  0  0  0  0  0  0  0  0 
 0  0  0  0  0  0  1  0  0 
 0  0  1  0  0  0  1  0  0 
 0  0  0  0  0  0  0  0  0 
 0 -1 -1  0  0  0  0  0  1 
 0  0  0  0  0  0  0  0  0 
 0  0  1  0  0  1  0  0  0 

----------------------------------------------
n = 38:
x x . . . . x . . 
x x x x . x x . x 
x . . . . x x x . 
. . x x . . x . . 
x . x . x . x . . 
. . . x . x . x x 
. x x . . . . . x 
x x x x . x x . . 
. . x . . x . x x 
ptr:
 -8   0 -82 -82 -82 -82  23 -82 -82 
  0   0   0  11 -82  23  23 -82   0 
  0 -82 -82 -82 -82  -8  23  23 -82 
-82 -82  -3  29 -82 -82  23 -82 -82 
 -1 -82  29 -82  -1 -82  33 -82 -82 
-82 -82 -82  -1 -82  -1 -82  -3  52 
-82  65  65 -82 -82 -82 -82 -82  52 
 65  65  -7  65 -82  -3  68 -82 -82 
-82 -82  65 -82 -82  68 -82  80  -2 
dx:
 0 -1  0  0  0  0 -1  0  0 
 0 -1 -2 -1  0  0 -1  0  1 
 0  0  0  0  0  0 -1 -2  0 
 0  0  0 -1  0  0 -1  0  0 
 0  0  0  0  0  0  0  0  0 
 0  0  0  0  0  0  0  0 -1 
 0  1  0  0  0  0  0  0 -1 
 2  1  0 -1  0  0 -1  0  0 
 0  0  0  0  0  0  0  1  0 
dy:
 0  0  0  0  0  0 -2  0  0 
 1  1  1  0  0 -1 -1  0  1 
 2  0  0  0  0  0  0  0  0 
 0  0  0  0  0  0  1  0  0 
 0  0  1  0  0  0  1  0  0 
 0  0  0  0  0  0  0  0  0 
 0 -1 -1  0  0  0  0  0  1 
 0  0  0  0  0  0  0  0  0 
 0  0  1  0  0  1  0  0  0 

----------------------------------------------
n = 39:
x x . . . . x . . 
x x x x . x x . x 
x . . . . x x x . 
. . x x . . x . . 
x . x . x . x . . 
x . . x . x . x x 
. x x . . . . . x 
x x x x . x x . . 
. . x . . x . x x 
ptr:
 -8   0 -82 -82 -82 -82  23 -82 -82 
  0   0   0  11 -82  23  23 -82   0 
  0 -82 -82 -82 -82  -8  23  23 -82 
-82 -82  -3  29 -82 -82  23 -82 -82 
 52 -82  29 -82  -1 -82  33 -82 -82 
 52 -82 -82  -1 -82  -1 -82  -5  52 
-82  65  65 -82 -82 -82 -82 -82  52 
 65  65  -7  65 -82  -3  68 -82 -82 
-82 -82  65 -82 -82  68 -82  80  -2 
dx:
 0 -1  0  0  0  0 -1  0  0 
 0 -1 -2 -1  0  0 -1  0  1 
 0  0  0  0  0  0 -1 -2  0 
 0  0  0 -1  0  0 -1  0  0 
-2  0  0  0  0  0  0  0  0 
-2  0  0  0  0  0  0  0 -1 
 0  1  0  0  0  0  0  0 -1 
 2  1  0 -1  0  0 -1  0  0 
 0  0  0  0  0  0  0  1  0 
dy:
 0  0  0  0  0  0 -2  0  0 
 1  1  1  0  0 -1 -1  0  1 
 2  0  0  0  0  0  0  0  0 
 0  0  0  0  0  0  1  0  0 
-1  0  1  0  0  0  1  0  0 
 0  0  0  0  0  0  0  0  0 
 0 -1 -1  0  0  0  0  0  1 
 0  0  0  0  0  0  0  0  0 
 0  0  1  0  0  1  0  0  0 

----------------------------------------------
n = 40:
x x . . . . x . . 
x x x x . x x . x 
x . . . . x x x . 
. . x x . . x . . 
x . x . x . x . . 
x x . x . x . x x 
. x x . . . . . x 
x x x x . x x . . 
. . x . . x . x x 
ptr:
 -8   0 -82 -82 -82 -82  23 -82 -82 
  0   0   0  11 -82  23  23 -82   0 
  0 -82 -82 -82 -82  -8  23  23 -82 
-82 -82  -3  29 -82 -82  23 -82 -82 
 52 -82  29 -82  -1 -82  33 -82 -82 
 52  52 -82  -1 -82  -1 -82  65  52 
-82  65  65 -82 -82 -82 -82 -82  52 
 65  65 -13  65 -82  -3  68 -82 -82 
-82 -82  65 -82 -82  68 -82  80  -2 
dx:
 0 -1  0  0  0  0 -1  0  0 
 0 -1 -2 -1  0  0 -1  0  1 
 0  0  0  0  0  0 -1 -2  0 
 0  0  0 -1  0  0 -1  0  0 
-2  0  0  0  0  0  0  0  0 
-2 -3  0  0  0  0  0  4 -1 
 0  1  0  0  0  0  0  0 -1 
 2  1  0 -1  0  0 -1  0  0 
 0  0  0  0  0  0  0  1  0 
dy:
 0  0  0  0  0  0 -2  0  0 
 1  1  1  0  0 -1 -1  0  1 
 2  0  0  0  0  0  0  0  0 
 0  0  0  0  0  0  1  0  0 
-1  0  1  0  0  0  1  0  0 
 0  0  0  0  0  0  0 -2  0 
 0 -1 -1  0  0  0  0  0  1 
 0  0  0  0  0  0  0  0  0 
 0  0  1  0  0  1  0  0  0 

----------------------------------------------
n = 41:
x x . . . . x . . 
x x x x . x x . x 
x . . . . x x x . 
. . x x . . x . . 
x . x . x . x . . 
x x . x . x . x x 
. x x . . . x . x 
x x x x . x x . . 
. . x . . x . x x 
ptr:
 -8   0 -82 -82 -82 -82  23 -82 -82 
  0   0   0  11 -82  23  23 -82   0 
  0 -82 -82 -82 -82  -8  23  23 -82 
-82 -82  -3  29 -82 -82  23 -82 -82 
 52 -82  29 -82  -1 -82  33 -82 -82 
 52  52 -82  -1 -82  -1 -82  65  52 
-82  65  65 -82 -82 -82  68 -82  52 
 65  65 -13  65 -82  -4  68 -82 -82 
-82 -82  65 -82 -82  68 -82  80  -2 
dx:
 0 -1  0  0  0  0 -1  0  0 
 0 -1 -2 -1  0  0 -1  0  1 
 0  0  0  0  0  0 -1 -2  0 
 0  0  0 -1  0  0 -1  0  0 
-2  0  0  0  0  0  0  0  0 
-2 -3  0  0  0  0  0  4 -1 
 0  1  0  0  0  0 -1  0 -1 
 2  1  0 -1  0  0 -1  0  0 
 0  0  0  0  0  0  0  1  0 
dy:
 0  0  0  0  0  0 -2  0  0 
 1  1  1  0  0 -1 -1  0  1 
 2  0  0  0  0  0  0  0  0 
 0  0  0  0  0  0  1  0  0 
-1  0  1  0  0  0  1  0  0 
 0  0  0  0  0  0  0 -2  0 
 0 -1 -1  0  0  0 -1  0  1 
 0  0  0  0  0  0  0  0  0 
 0  0  1  0  0  1  0  0  0 

----------------------------------------------
n = 42:
x x . . . . x . . 
x x x x . x x . x 
x . . . . x x x . 
. . x x . . x . . 
x . x . x . x . . 
x x . x . x . x x 
. x x . . . x . x 
x x x x . x x . . 
x . x . . x . x x 
ptr:
 65   0 -82 -82 -82 -82  23 -82 -82 
  0   0   0  11 -82  23  23 -82   0 
  0 -82 -82 -82 -82  -8  23  23 -82 
-82 -82  -3  29 -82 -82  23 -82 -82 
 52 -82  29 -82  -1 -82  33 -82 -82 
 52  52 -82  -1 -82  -1 -82  65  52 
-82  65  65 -82 -82 -82  68 -82  52 
 65  65 -24  65 -82  -4  68 -82 -82 
 80 -82  65 -82 -82  68 -82  80   0 
dx:
 3 -1  0  0  0  0 -1  0  0 
 0 -1 -2 -1  0  0 -1  0  1 
 0  0  0  0  0  0 -1 -2  0 
 0  0  0 -1  0  0 -1  0  0 
-2  0  0  0  0  0  0  0  0 
-2 -3  0  0  0  0  0  4 -1 
 0  1  0  0  0  0 -1  0 -1 
 2  1  0 -1  0  0 -1  0  0 
-1  0  0  0  0  0  0  1  1 
dy:
 1  0  0  0  0  0 -2  0  0 
 1  1  1  0  0 -1 -1  0  1 
 2  0  0  0  0  0  0  0  0 
 0  0  0  0  0  0  1  0  0 
-1  0  1  0  0  0  1  0  0 
 0  0  0  0  0  0  0 -2  0 
 0 -1 -1  0  0  0 -1  0  1 
 0  0  0  0  0  0  0  0  0 
 0  0  1  0  0  1  0  0 -1 

----------------------------------------------
n = 43:
x x . . . . x . . 
x x x x . x x . x 
x . . . . x x x . 
. . x x . . x x . 
x . x . x . x . . 
x x . x . x . x x 
. x x . . . x . x 
x x x x . x x . . 
x . x . . x . x x 
ptr:
 65   0 -82 -82 -82 -82  23 -82 -82 
  0   0   0  11 -82  23  23 -82   0 
  0 -82 -82 -82 -82  -9  23  23 -82 
-82 -82  -3  29 -82 -82  23  23 -82 
 52 -82  29 -82  -1 -82  33 -82 -82 
 52  52 -82  -1 -82  -1 -82  65  52 
-82  65  65 -82 -82 -82  68 -82  52 
 65  65 -24  65 -82  -4  68 -82 -82 
 80 -82  65 -82 -82  68 -82  80   0 
dx:
 3 -1  0  0  0  0 -1  0  0 
 0 -1 -2 -1  0  0 -1  0  1 
 0  0  0  0  0  0 -1 -2  0 
 0  0  0 -1  0  0 -1 -2  0 
-2  0  0  0  0  0  0  0  0 
-2 -3  0  0  0  0  0  4 -1 
 0  1  0  0  0  0 -1  0 -1 
 2  1  0 -1  0  0 -1  0  0 
-1  0  0  0  0  0  0  1  1 
dy:
 1  0  0  0  0  0 -2  0  0 
 1  1  1  0  0 -1 -1  0  1 
 2  0  0  0  0  0  0  0  0 
 0  0  0  0  0  0  1  1  0 
-1  0  1  0  0  0  1  0  0 
 0  0  0  0  0  0  0 -2  0 
 0 -1 -1  0  0  0 -1  0  1 
 0  0  0  0  0  0  0  0  0 
 0  0  1  0  0  1  0  0 -1 

----------------------------------------------
n = 44:
x x . . . . x . . 
x x x x . x x . x 
x . . . . x x x . 
. . x x . . x x x 
x . x . x . x . . 
x x . x . x . x x 
. x x . . . x . x 
x x x x . x x . . 
x . x . . x . x x 
ptr:
 65   0 -82 -82 -82 -82  23 -82 -82 
  0   0   0  11 -82  23  23 -82   0 
  0 -82 -82 -82 -82 -10  23  23 -82 
-82 -82  -3  29 -82 -82  23  23  23 
 52 -82  29 -82  -1 -82  33 -82 -82 
 52  52 -82  -1 -82  -1 -82  65  52 
-82  65  65 -82 -82 -82  68 -82  52 
 65  65 -24  65 -82  -4  68 -82 -82 
 80 -82  65 -82 -82  68 -82  80   0 
dx:
 3 -1  0  0  0  0 -1  0  0 
 0 -1 -2 -1  0  0 -1  0  1 
 0  0  0  0  0  0 -1 -2  0 
 0  0  0 -1  0  0 -1 -2 -3 
-2  0  0  0  0  0  0  0  0 
-2 -3  0  0  0  0  0  4 -1 
 0  1  0  0  0  0 -1  0 -1 
 2  1  0 -1  0  0 -1  0  0 
-1  0  0  0  0  0  0  1  1 
dy:
 1  0  0  0  0  0 -2  0  0 
 1  1  1  0  0 -1 -1  0  1 
 2  0  0  0  0  0  0  0  0 
 0  0  0  0  0  0  1  1  1 
-1  0  1  0  0  0  1  0  0 
 0  0  0  0  0  0  0 -2  0 
 0 -1 -1  0  0  0 -1  0  1 
 0  0  0  0  0  0  0  0  0 
 0  0  1  0  0  1  0  0 -1 

----------------------------------------------
n = 45:
x x . . . . x . . 
x x x x . x x x x 
x . . . . x x x . 
. . x x . . x x x 
x . x . x . x . . 
x x . x . x . x x 
. x x . . . x . x 
x x x x . x x . . 
x . x . . x . x x 
ptr:
 65   0 -82 -82 -82 -82  23 -82 -82 
  0   0   0  11 -82  23  23  65  65 
  0 -82 -82 -82 -82  65  23  65 -82 
-82 -82  -3  29 -82 -82  23  23  23 
 52 -82  29 -82  -1 -82  33 -82 -82 
 52  52 -82  -1 -82  -1 -82  65  52 
-82  65  65 -82 -82 -82  68 -82  52 
 65  65 -35  65 -82  -4  68 -82 -82 
 80 -82  65 -82 -82  68 -82  80   0 
dx:
 3 -1  0  0  0  0 -1  0  0 
 0 -1 -2 -1  0  0 -1  5  4 
 0  0  0  0  0  7 -1  5  0 
 0  0  0 -1  0  0 -1 -2 -3 
-2  0  0  0  0  0  0  0  0 
-2 -3  0  0  0  0  0  4 -1 
 0  1  0  0  0  0 -1  0 -1 
 2  1  0 -1  0  0 -1  0  0 
-1  0  0  0  0  0  0  1  1 
dy:
 1  0  0  0  0  0 -2  0  0 
 1  1  1  0  0 -1 -1  2  2 
 2  0  0  0  0  3  0  3  0 
 0  0  0  0  0  0  1  1  1 
-1  0  1  0  0  0  1  0  0 
 0  0  0  0  0  0  0 -2  0 
 0 -1 -1  0  0  0 -1  0  1 
 0  0  0  0  0  0  0  0  0 
 0  0  1  0  0  1  0  0 -1 

----------------------------------------------

PERCOLATION!
The difference of the distances of sites 44 and 35 to their respective root sites is not equal to unity.

n = 46:
x x . . . . x . . 
x x x x . x x x x 
x . . . . x x x . 
. . x x . . x x x 
x . x . x . x . x 
x x . x . x . x x 
. x x . . . x . x 
x x x x . x x . . 
x . x . . x . x x 
ptr:
 65   0 -82 -82 -82 -82  23 -82 -82 
  0   0   0  11 -82  23  23  65  65 
  0 -82 -82 -82 -82  65  23  65 -82 
-82 -82  -3  29 -82 -82  23  23  65 
 65 -82  29 -82  -1 -82  33 -82  65 
 52  52 -82  -1 -82  -1 -82  65  65 
-82  65  65 -82 -82 -82  68 -82  52 
 65  65 -36  65 -82  -4  68 -82 -82 
 80 -82  65 -82 -82  68 -82  80   0 
dx:
 3 -1  0  0  0  0 -1  0  0 
 0 -1 -2 -1  0  0 -1  5  4 
 0  0  0  0  0  7 -1  5  0 
 0  0  0 -1  0  0 -1 -2  4 
 2  0  0  0  0  0  0  0  3 
-2 -3  0  0  0  0  0  4  3 
 0  1  0  0  0  0 -1  0 -1 
 2  1  0 -1  0  0 -1  0  0 
-1  0  0  0  0  0  0  1  1 
dy:
 1  0  0  0  0  0 -2  0  0 
 1  1  1  0  0 -1 -1  2  2 
 2  0  0  0  0  3  0  3  0 
 0  0  0  0  0  0  1  1  4 
-3  0  1  0  0  0  1  0 -3 
 0  0  0  0  0  0  0 -2 -2 
 0 -1 -1  0  0  0 -1  0  1 
 0  0  0  0  0  0  0  0  0 
 0  0  1  0  0  1  0  0 -1 

----------------------------------------------
n = 47:
x x . . . . x . . 
x x x x . x x x x 
x . . . . x x x . 
. . x x . . x x x 
x . x . x . x . x 
x x . x . x x x x 
. x x . . . x . x 
x x x x . x x . . 
x . x . . x . x x 
ptr:
 65   0 -82 -82 -82 -82  23 -82 -82 
  0   0   0  11 -82  23  23  65  65 
  0 -82 -82 -82 -82  65  23  65 -82 
-82 -82  -3  29 -82 -82  65  23  65 
 65 -82  29 -82  -1 -82  65 -82  65 
 52  52 -82  -1 -82  65  65  65  65 
-82  65  65 -82 -82 -82  68 -82  52 
 65  65 -42  65 -82  65  68 -82 -82 
 80 -82  65 -82 -82  68 -82  80   0 
dx:
 3 -1  0  0  0  0 -1  0  0 
 0 -1 -2 -1  0  0 -1  5  4 
 0  0  0  0  0  7 -1  5  0 
 0  0  0 -1  0  0  6 -2  4 
 2  0  0  0  0  0 -1  0  3 
-2 -3  0  0  0  6  5  4  3 
 0  1  0  0  0  0 -1  0 -1 
 2  1  0 -1  0  6 -1  0  0 
-1  0  0  0  0  0  0  1  1 
dy:
 1  0  0  0  0  0 -2  0  0 
 1  1  1  0  0 -1 -1  2  2 
 2  0  0  0  0  3  0  3  0 
 0  0  0  0  0  0  4  1  4 
-3  0  1  0  0  0  2  0 -3 
 0  0  0  0  0 -2 -2 -2 -2 
 0 -1 -1  0  0  0 -1  0  1 
 0  0  0  0  0  0  0  0  0 
 0  0  1  0  0  1  0  0 -1 

----------------------------------------------
n = 48:
x x . . . . x . . 
x x x x . x x x x 
x . . . . x x x . 
. . x x . . x x x 
x . x . x . x . x 
x x x x . x x x x 
. x x . . . x . x 
x x x x . x x . . 
x . x . . x . x x 
ptr:
 65   0 -82 -82 -82 -82  23 -82 -82 
  0   0   0  11 -82  23  23  65  65 
  0 -82 -82 -82 -82  65  23  65 -82 
-82 -82  65  29 -82 -82  65  23  65 
 65 -82  29 -82  -1 -82  65 -82  65 
 52  65  65  47 -82  65  65  65  65 
-82  65  65 -82 -82 -82  68 -82  52 
 65  65 -47  65 -82  65  68 -82 -82 
 80 -82  65 -82 -82  68 -82  80   0 
dx:
 3 -1  0  0  0  0 -1  0  0 
 0 -1 -2 -1  0  0 -1  5  4 
 0  0  0  0  0  7 -1  5  0 
 0  0  0 -1  0  0  6 -2  4 
 2  0  0  0  0  0 -1  0  3 
-2  1  0 -1  0  6  5  4  3 
 0  1  0  0  0  0 -1  0 -1 
 2  1  0 -1  0  6 -1  0  0 
-1  0  0  0  0  0  0  1  1 
dy:
 1  0  0  0  0  0 -2  0  0 
 1  1  1  0  0 -1 -1  2  2 
 2  0  0  0  0  3  0  3  0 
 0  0 -4  0  0  0  4  1  4 
-3  0  1  0  0  0  2  0 -3 
 0 -2 -2  0  0 -2 -2 -2 -2 
 0 -1 -1  0  0  0 -1  0  1 
 0  0  0  0  0  0  0  0  0 
 0  0  1  0  0  1  0  0 -1 

----------------------------------------------
n = 49:
x x . . . . x . . 
x x x x . x x x x 
x . . . . x x x . 
. . x x . . x x x 
x . x . x . x . x 
x x x x . x x x x 
. x x . x . x . x 
x x x x . x x . . 
x . x . . x . x x 
ptr:
 65   0 -82 -82 -82 -82  23 -82 -82 
  0   0   0  11 -82  23  23  65  65 
  0 -82 -82 -82 -82  65  23  65 -82 
-82 -82  65  29 -82 -82  65  23  65 
 65 -82  29 -82  -1 -82  65 -82  65 
 52  65  65  47 -82  65  65  65  65 
-82  65  65 -82  -1 -82  68 -82  52 
 65  65 -47  65 -82  65  68 -82 -82 
 80 -82  65 -82 -82  68 -82  80   0 
dx:
 3 -1  0  0  0  0 -1  0  0 
 0 -1 -2 -1  0  0 -1  5  4 
 0  0  0  0  0  7 -1  5  0 
 0  0  0 -1  0  0  6 -2  4 
 2  0  0  0  0  0 -1  0  3 
-2  1  0 -1  0  6  5  4  3 
 0  1  0  0  0  0 -1  0 -1 
 2  1  0 -1  0  6 -1  0  0 
-1  0  0  0  0  0  0  1  1 
dy:
 1  0  0  0  0  0 -2  0  0 
 1  1  1  0  0 -1 -1  2  2 
 2  0  0  0  0  3  0  3  0 
 0  0 -4  0  0  0  4  1  4 
-3  0  1  0  0  0  2  0 -3 
 0 -2 -2  0  0 -2 -2 -2 -2 
 0 -1 -1  0  0  0 -1  0  1 
 0  0  0  0  0  0  0  0  0 
 0  0  1  0  0  1  0  0 -1 

----------------------------------------------
n = 50:
x x . . . x x . . 
x x x x . x x x x 
x . . . . x x x . 
. . x x . . x x x 
x . x . x . x . x 
x x x x . x x x x 
. x x . x . x . x 
x x x x . x x . . 
x . x . . x . x x 
ptr:
 65   0 -82 -82 -82  65  65 -82 -82 
  0   0   0  11 -82  65  23  65  65 
  0 -82 -82 -82 -82  65  23  65 -82 
-82 -82  65  29 -82 -82  65  23  65 
 65 -82  29 -82  -1 -82  65 -82  65 
 52  65  65  47 -82  65  65  65  65 
-82  65  65 -82  -1 -82  68 -82  52 
 65  65 -48  65 -82  65  68 -82 -82 
 80 -82  65 -82 -82  65 -82  80   0 
dx:
 3 -1  0  0  0  7  6  0  0 
 0 -1 -2 -1  0  7 -1  5  4 
 0  0  0  0  0  7 -1  5  0 
 0  0  0 -1  0  0  6 -2  4 
 2  0  0  0  0  0 -1  0  3 
-2  1  0 -1  0  6  5  4  3 
 0  1  0  0  0  0 -1  0 -1 
 2  1  0 -1  0  6 -1  0  0 
-1  0  0  0  0  6  0  1  1 
dy:
 1  0  0  0  0  1  1  0  0 
 1  1  1  0  0  2 -1  2  2 
 2  0  0  0  0  3  0  3  0 
 0  0 -4  0  0  0  4  1  4 
-3  0  1  0  0  0  2  0 -3 
 0 -2 -2  0  0 -2 -2 -2 -2 
 0 -1 -1  0  0  0 -1  0  1 
 0  0  0  0  0  0  0  0  0 
 0  0  1  0  0  1  0  0 -1 

----------------------------------------------
n = 51:
x x . . . x x . x 
x x x x . x x x x 
x . . . . x x x . 
. . x x . . x x x 
x . x . x . x . x 
x x x x . x x x x 
. x x . x . x . x 
x x x x . x x . . 
x . x . . x . x x 
ptr:
 65   0 -82 -82 -82  65  65 -82  65 
  0   0   0  11 -82  65  23  65  65 
  0 -82 -82 -82 -82  65  23  65 -82 
-82 -82  65  29 -82 -82  65  23  65 
 65 -82  29 -82  -1 -82  65 -82  65 
 52  65  65  47 -82  65  65  65  65 
-82  65  65 -82  -1 -82  68 -82  52 
 65  65 -49  65 -82  65  68 -82 -82 
 80 -82  65 -82 -82  65 -82  80  65 
dx:
 3 -1  0  0  0  7  6  0  4 
 0 -1 -2 -1  0  7 -1  5  4 
 0  0  0  0  0  7 -1  5  0 
 0  0  0 -1  0  0  6 -2  4 
 2  0  0  0  0  0 -1  0  3 
-2  1  0 -1  0  6  5  4  3 
 0  1  0  0  0  0 -1  0 -1 
 2  1  0 -1  0  6 -1  0  0 
-1  0  0  0  0  6  0  1  4 
dy:
 1  0  0  0  0  1  1  0  1 
 1  1  1  0  0  2 -1  2  2 
 2  0  0  0  0  3  0  3  0 
 0  0 -4  0  0  0  4  1  4 
-3  0  1  0  0  0  2  0 -3 
 0 -2 -2  0  0 -2 -2 -2 -2 
 0 -1 -1  0  0  0 -1  0  1 
 0  0  0  0  0  0  0  0  0 
 0  0  1  0  0  1  0  0  0 

----------------------------------------------
n = 52:
x x . . . x x . x 
x x x x . x x x x 
x . . . . x x x . 
. . x x . . x x x 
x . x . x . x . x 
x x x x . x x x x 
. x x . x . x . x 
x x x x x x x . . 
x . x . . x . x x 
ptr:
 65   0 -82 -82 -82  65  65 -82  65 
  0   0   0  11 -82  65  23  65  65 
  0 -82 -82 -82 -82  65  23  65 -82 
-82 -82  65  29 -82 -82  65  23  65 
 65 -82  29 -82  -1 -82  65 -82  65 
 52  65  65  47 -82  65  65  65  65 
-82  65  65 -82  65 -82  68 -82  52 
 65  65 -51  65  65  65  68 -82 -82 
 80 -82  65 -82 -82  65 -82  80  65 
dx:
 3 -1  0  0  0  7  6  0  4 
 0 -1 -2 -1  0  7 -1  5  4 
 0  0  0  0  0  7 -1  5  0 
 0  0  0 -1  0  0  6 -2  4 
 2  0  0  0  0  0 -1  0  3 
-2  1  0 -1  0  6  5  4  3 
 0  1  0  0  7  0 -1  0 -1 
 2  1  0 -1  7  6 -1  0  0 
-1  0  0  0  0  6  0  1  4 
dy:
 1  0  0  0  0  1  1  0  1 
 1  1  1  0  0  2 -1  2  2 
 2  0  0  0  0  3  0  3  0 
 0  0 -4  0  0  0  4  1  4 
-3  0  1  0  0  0  2  0 -3 
 0 -2 -2  0  0 -2 -2 -2 -2 
 0 -1 -1  0 -1  0 -1  0  1 
 0  0  0  0  0  0  0  0  0 
 0  0  1  0  0  1  0  0  0 

----------------------------------------------
n = 53:
x x . . . x x . x 
x x x x . x x x x 
x . x . . x x x . 
. . x x . . x x x 
x . x . x . x . x 
x x x x . x x x x 
. x x . x . x . x 
x x x x x x x . . 
x . x . . x . x x 
ptr:
 65   0 -82 -82 -82  65  65 -82  65 
  0   0  65  11 -82  65  23  65  65 
  0 -82  65 -82 -82  65  23  65 -82 
-82 -82  65  29 -82 -82  65  23  65 
 65 -82  29 -82  -1 -82  65 -82  65 
 52  65  65  47 -82  65  65  65  65 
-82  65  65 -82  65 -82  68 -82  52 
 65  65 -52  65  65  65  68 -82 -82 
 80 -82  65 -82 -82  65 -82  80  65 
dx:
 3 -1  0  0  0  7  6  0  4 
 0 -1  1 -1  0  7 -1  5  4 
 0  0  0  0  0  7 -1  5  0 
 0  0  0 -1  0  0  6 -2  4 
 2  0  0  0  0  0 -1  0  3 
-2  1  0 -1  0  6  5  4  3 
 0  1  0  0  7  0 -1  0 -1 
 2  1  0 -1  7  6 -1  0  0 
-1  0  0  0  0  6  0  1  4 
dy:
 1  0  0  0  0  1  1  0  1 
 1  1  2  0  0  2 -1  2  2 
 2  0 -5  0  0  3  0  3  0 
 0  0 -4  0  0  0  4  1  4 
-3  0  1  0  0  0  2  0 -3 
 0 -2 -2  0  0 -2 -2 -2 -2 
 0 -1 -1  0 -1  0 -1  0  1 
 0  0  0  0  0  0  0  0  0 
 0  0  1  0  0  1  0  0  0 

----------------------------------------------
n = 54:
x x . . . x x . x 
x x x x . x x x x 
x . x x . x x x . 
. . x x . . x x x 
x . x . x . x . x 
x x x x . x x x x 
. x x . x . x . x 
x x x x x x x . . 
x . x . . x . x x 
ptr:
 65   0 -82 -82 -82  65  65 -82  65 
  0   0  65  65 -82  65  23  65  65 
  0 -82  65  65 -82  65  23  65 -82 
-82 -82  65  65 -82 -82  65  23  65 
 65 -82  29 -82  -1 -82  65 -82  65 
 52  65  65  47 -82  65  65  65  65 
-82  65  65 -82  65 -82  68 -82  52 
 65  65 -53  65  65  65  68 -82 -82 
 80 -82  65 -82 -82  65 -82  80  65 
dx:
 3 -1  0  0  0  7  6  0  4 
 0 -1  1  0  0  7 -1  5  4 
 0  0  0 -1  0  7 -1  5  0 
 0  0  0 -1  0  0  6 -2  4 
 2  0  0  0  0  0 -1  0  3 
-2  1  0 -1  0  6  5  4  3 
 0  1  0  0  7  0 -1  0 -1 
 2  1  0 -1  7  6 -1  0  0 
-1  0  0  0  0  6  0  1  4 
dy:
 1  0  0  0  0  1  1  0  1 
 1  1  2  2  0  2 -1  2  2 
 2  0 -5 -5  0  3  0  3  0 
 0  0 -4 -4  0  0  4  1  4 
-3  0  1  0  0  0  2  0 -3 
 0 -2 -2  0  0 -2 -2 -2 -2 
 0 -1 -1  0 -1  0 -1  0  1 
 0  0  0  0  0  0  0  0  0 
 0  0  1  0  0  1  0  0  0 

----------------------------------------------
n = 55:
x x . . . x x . x 
x x x x . x x x x 
x . x x . x x x . 
x . x x . . x x x 
x . x . x . x . x 
x x x x . x x x x 
. x x . x . x . x 
x x x x x x x . . 
x . x . . x . x x 
ptr:
 65   0 -82 -82 -82  65  65 -82  65 
  0   0  65  65 -82  65  23  65  65 
 65 -82  65  65 -82  65  23  65 -82 
 65 -82  65  65 -82 -82  65  23  65 
 65 -82  29 -82  -1 -82  65 -82  65 
 52  65  65  47 -82  65  65  65  65 
-82  65  65 -82  65 -82  68 -82  52 
 65  65 -54  65  65  65  68 -82 -82 
 80 -82  65 -82 -82  65 -82  80  65 
dx:
 3 -1  0  0  0  7  6  0  4 
 0 -1  1  0  0  7 -1  5  4 
 3  0  0 -1  0  7 -1  5  0 
 3  0  0 -1  0  0  6 -2  4 
 2  0  0  0  0  0 -1  0  3 
-2  1  0 -1  0  6  5  4  3 
 0  1  0  0  7  0 -1  0 -1 
 2  1  0 -1  7  6 -1  0  0 
-1  0  0  0  0  6  0  1  4 
dy:
 1  0  0  0  0  1  1  0  1 
 1  1  2  2  0  2 -1  2  2 
 3  0 -5 -5  0  3  0  3  0 
 4  0 -4 -4  0  0  4  1  4 
-3  0  1  0  0  0  2  0 -3 
 0 -2 -2  0  0 -2 -2 -2 -2 
 0 -1 -1  0 -1  0 -1  0  1 
 0  0  0  0  0  0  0  0  0 
 0  0  1  0  0  1  0  0  0 

----------------------------------------------
n = 56:
x x . . . x x . x 
x x x x . x x x x 
x . x x . x x x . 
x . x x . . x x x 
x . x . x . x x x 
x x x x . x x x x 
. x x . x . x . x 
x x x x x x x . . 
x . x . . x . x x 
ptr:
 65   0 -82 -82 -82  65  65 -82  65 
  0   0  65  65 -82  65  23  65  65 
 65 -82  65  65 -82  65  23  65 -82 
 65 -82  65  65 -82 -82  65  65  65 
 65 -82  29 -82  -1 -82  65  65  65 
 52  65  65  47 -82  65  65  65  65 
-82  65  65 -82  65 -82  68 -82  52 
 65  65 -55  65  65  65  68 -82 -82 
 80 -82  65 -82 -82  65 -82  80  65 
dx:
 3 -1  0  0  0  7  6  0  4 
 0 -1  1  0  0  7 -1  5  4 
 3  0  0 -1  0  7 -1  5  0 
 3  0  0 -1  0  0  6  5  4 
 2  0  0  0  0  0 -1  4  3 
-2  1  0 -1  0  6  5  4  3 
 0  1  0  0  7  0 -1  0 -1 
 2  1  0 -1  7  6 -1  0  0 
-1  0  0  0  0  6  0  1  4 
dy:
 1  0  0  0  0  1  1  0  1 
 1  1  2  2  0  2 -1  2  2 
 3  0 -5 -5  0  3  0  3  0 
 4  0 -4 -4  0  0  4  4  4 
-3  0  1  0  0  0  2 -3 -3 
 0 -2 -2  0  0 -2 -2 -2 -2 
 0 -1 -1  0 -1  0 -1  0  1 
 0  0  0  0  0  0  0  0  0 
 0  0  1  0  0  1  0  0  0 

----------------------------------------------
n = 57:
x x . . . x x . x 
x x x x . x x x x 
x . x x . x x x . 
x . x x . . x x x 
x x x . x . x x x 
x x x x . x x x x 
. x x . x . x . x 
x x x x x x x . . 
x . x . . x . x x 
ptr:
 65   0 -82 -82 -82  65  65 -82  65 
  0   0  65  65 -82  65  23  65  65 
 65 -82  65  65 -82  65  23  65 -82 
 65 -82  65  65 -82 -82  65  65  65 
 65  65  65 -82  -1 -82  65  65  65 
 52  65  65  47 -82  65  65  65  65 
-82  65  65 -82  65 -82  68 -82  52 
 65  65 -56  65  65  65  68 -82 -82 
 80 -82  65 -82 -82  65 -82  80  65 
dx:
 3 -1  0  0  0  7  6  0  4 
 0 -1  1  0  0  7 -1  5  4 
 3  0  0 -1  0  7 -1  5  0 
 3  0  0 -1  0  0  6  5  4 
 2  1  0  0  0  0 -1  4  3 
-2  1  0 -1  0  6  5  4  3 
 0  1  0  0  7  0 -1  0 -1 
 2  1  0 -1  7  6 -1  0  0 
-1  0  0  0  0  6  0  1  4 
dy:
 1  0  0  0  0  1  1  0  1 
 1  1  2  2  0  2 -1  2  2 
 3  0 -5 -5  0  3  0  3  0 
 4  0 -4 -4  0  0  4  4  4 
-3 -3 -3  0  0  0  2 -3 -3 
 0 -2 -2  0  0 -2 -2 -2 -2 
 0 -1 -1  0 -1  0 -1  0  1 
 0  0  0  0  0  0  0  0  0 
 0  0  1  0  0  1  0  0  0 

----------------------------------------------
n = 58:
x x . . . x x . x 
x x x x . x x x x 
x . x x . x x x . 
x . x x x . x x x 
x x x . x . x x x 
x x x x . x x x x 
. x x . x . x . x 
x x x x x x x . . 
x . x . . x . x x 
ptr:
 65   0 -82 -82 -82  65  65 -82  65 
  0   0  65  65 -82  65  23  65  65 
 65 -82  65  65 -82  65  23  65 -82 
 65 -82  65  65  65 -82  65  65  65 
 65  65  65 -82  65 -82  65  65  65 
 52  65  65  47 -82  65  65  65  65 
-82  65  65 -82  65 -82  68 -82  52 
 65  65 -58  65  65  65  68 -82 -82 
 80 -82  65 -82 -82  65 -82  80  65 
dx:
 3 -1  0  0  0  7  6  0  4 
 0 -1  1  0  0  7 -1  5  4 
 3  0  0 -1  0  7 -1  5  0 
 3  0  0 -1 -2  0  6  5  4 
 2  1  0  0 -2  0 -1  4  3 
-2  1  0 -1  0  6  5  4  3 
 0  1  0  0  7  0 -1  0 -1 
 2  1  0 -1  7  6 -1  0  0 
-1  0  0  0  0  6  0  1  4 
dy:
 1  0  0  0  0  1  1  0  1 
 1  1  2  2  0  2 -1  2  2 
 3  0 -5 -5  0  3  0  3  0 
 4  0 -4 -4 -4  0  4  4  4 
-3 -3 -3  0 -3  0  2 -3 -3 
 0 -2 -2  0  0 -2 -2 -2 -2 
 0 -1 -1  0 -1  0 -1  0  1 
 0  0  0  0  0  0  0  0  0 
 0  0  1  0  0  1  0  0  0 

----------------------------------------------
n = 59:
x x . . . x x . x 
x x x x . x x x x 
x . x x . x x x . 
x . x x x . x x x 
x x x . x . x x x 
x x x x x x x x x 
. x x . x . x . x 
x x x x x x x . . 
x . x . . x . x x 
ptr:
 65   0 -82 -82 -82  65  65 -82  65 
  0   0  65  65 -82  65  23  65  65 
 65 -82  65  65 -82  65  23  65 -82 
 65 -82  65  65  65 -82  65  65  65 
 65  65  65 -82  65 -82  65  65  65 
 52  65  65  65  65  65  65  65  65 
-82  65  65 -82  65 -82  68 -82  52 
 65  65 -59  65  65  65  68 -82 -82 
 80 -82  65 -82 -82  65 -82  80  65 
dx:
 3 -1  0  0  0  7  6  0  4 
 0 -1  1  0  0  7 -1  5  4 
 3  0  0 -1  0  7 -1  5  0 
 3  0  0 -1 -2  0  6  5  4 
 2  1  0  0 -2  0 -1  4  3 
-2  1  0 -1  7  6  5  4  3 
 0  1  0  0  7  0 -1  0 -1 
 2  1  0 -1  7  6 -1  0  0 
-1  0  0  0  0  6  0  1  4 
dy:
 1  0  0  0  0  1  1  0  1 
 1  1  2  2  0  2 -1  2  2 
 3  0 -5 -5  0  3  0  3  0 
 4  0 -4 -4 -4  0  4  4  4 
-3 -3 -3  0 -3  0  2 -3 -3 
 0 -2 -2 -2 -2 -2 -2 -2 -2 
 0 -1 -1  0 -1  0 -1  0  1 
 0  0  0  0  0  0  0  0  0 
 0  0  1  0  0  1  0  0  0 

----------------------------------------------
n = 60:
x x . . . x x . x 
x x x x . x x x x 
x . x x . x x x . 
x x x x x . x x x 
x x x . x . x x x 
x x x x x x x x x 
. x x . x . x . x 
x x x x x x x . . 
x . x . . x . x x 
ptr:
 65   0 -82 -82 -82  65  65 -82  65 
  0   0  65  65 -82  65  23  65  65 
 65 -82  65  65 -82  65  23  65 -82 
 65  65  65  65  65 -82  65  65  65 
 65  65  65 -82  65 -82  65  65  65 
 52  65  65  65  65  65  65  65  65 
-82  65  65 -82  65 -82  68 -82  52 
 65  65 -60  65  65  65  68 -82 -82 
 80 -82  65 -82 -82  65 -82  80  65 
dx:
 3 -1  0  0  0  7  6  0  4 
 0 -1  1  0  0  7 -1  5  4 
 3  0  0 -1  0  7 -1  5  0 
 3  1  0 -1 -2  0  6  5  4 
 2  1  0  0 -2  0 -1  4  3 
-2  1  0 -1  7  6  5  4  3 
 0  1  0  0  7  0 -1  0 -1 
 2  1  0 -1  7  6 -1  0  0 
-1  0  0  0  0  6  0  1  4 
dy:
 1  0  0  0  0  1  1  0  1 
 1  1  2  2  0  2 -1  2  2 
 3  0 -5 -5  0  3  0  3  0 
 4 -4 -4 -4 -4  0  4  4  4 
-3 -3 -3  0 -3  0  2 -3 -3 
 0 -2 -2 -2 -2 -2 -2 -2 -2 
 0 -1 -1  0 -1  0 -1  0  1 
 0  0  0  0  0  0  0  0  0 
 0  0  1  0  0  1  0  0  0 

----------------------------------------------
n = 61:
x x . . . x x . x 
x x x x . x x x x 
x . x x . x x x . 
x x x x x . x x x 
x x x . x . x x x 
x x x x x x x x x 
. x x . x . x . x 
x x x x x x x . . 
x . x . x x . x x 
ptr:
 65   0 -82 -82 -82  65  65 -82  65 
  0   0  65  65 -82  65  23  65  65 
 65 -82  65  65 -82  65  23  65 -82 
 65  65  65  65  65 -82  65  65  65 
 65  65  65 -82  65 -82  65  65  65 
 52  65  65  65  65  65  65  65  65 
-82  65  65 -82  65 -82  68 -82  52 
 65  65 -61  65  65  65  68 -82 -82 
 80 -82  65 -82  65  65 -82  80  65 
dx:
 3 -1  0  0  0  7  6  0  4 
 0 -1  1  0  0  7 -1  5  4 
 3  0  0 -1  0  7 -1  5  0 
 3  1  0 -1 -2  0  6  5  4 
 2  1  0  0 -2  0 -1  4  3 
-2  1  0 -1  7  6  5  4  3 
 0  1  0  0  7  0 -1  0 -1 
 2  1  0 -1  7  6 -1  0  0 
-1  0  0  0  7  6  0  1  4 
dy:
 1  0  0  0  0  1  1  0  1 
 1  1  2  2  0  2 -1  2  2 
 3  0 -5 -5  0  3  0  3  0 
 4 -4 -4 -4 -4  0  4  4  4 
-3 -3 -3  0 -3  0  2 -3 -3 
 0 -2 -2 -2 -2 -2 -2 -2 -2 
 0 -1 -1  0 -1  0 -1  0  1 
 0  0  0  0  0  0  0  0  0 
 0  0  1  0  1  1  0  0  0 

----------------------------------------------
n = 62:
x x x . . x x . x 
x x x x . x x x x 
x . x x . x x x . 
x x x x x . x x x 
x x x . x . x x x 
x x x x x x x x x 
. x x . x . x . x 
x x x x x x x . . 
x . x . x x . x x 
ptr:
 65  65  65 -82 -82  65  65 -82  65 
  0   0  65  65 -82  65  23  65  65 
 65 -82  65  65 -82  65  23  65 -82 
 65  65  65  65  65 -82  65  65  65 
 65  65  65 -82  65 -82  65  65  65 
 52  65  65  65  65  65  65  65  65 
-82  65  65 -82  65 -82  68 -82  52 
 65  65 -62  65  65  65  68 -82 -82 
 80 -82  65 -82  65  65 -82  80  65 
dx:
 3  2  1  0  0  7  6  0  4 
 0 -1  1  0  0  7 -1  5  4 
 3  0  0 -1  0  7 -1  5  0 
 3  1  0 -1 -2  0  6  5  4 
 2  1  0  0 -2  0 -1  4  3 
-2  1  0 -1  7  6  5  4  3 
 0  1  0  0  7  0 -1  0 -1 
 2  1  0 -1  7  6 -1  0  0 
-1  0  0  0  7  6  0  1  4 
dy:
 1  1  1  0  0  1  1  0  1 
 1  1  2  2  0  2 -1  2  2 
 3  0 -5 -5  0  3  0  3  0 
 4 -4 -4 -4 -4  0  4  4  4 
-3 -3 -3  0 -3  0  2 -3 -3 
 0 -2 -2 -2 -2 -2 -2 -2 -2 
 0 -1 -1  0 -1  0 -1  0  1 
 0  0  0  0  0  0  0  0  0 
 0  0  1  0  1  1  0  0  0 

----------------------------------------------
n = 63:
x x x . . x x . x 
x x x x . x x x x 
x . x x . x x x . 
x x x x x . x x x 
x x x . x . x x x 
x x x x x x x x x 
. x x . x . x . x 
x x x x x x x . . 
x . x x x x . x x 
ptr:
 65  65  65 -82 -82  65  65 -82  65 
  0   0  65  65 -82  65  23  65  65 
 65 -82  65  65 -82  65  23  65 -82 
 65  65  65  65  65 -82  65  65  65 
 65  65  65 -82  65 -82  65  65  65 
 52  65  65  65  65  65  65  65  65 
-82  65  65 -82  65 -82  68 -82  52 
 65  65 -63  65  65  65  68 -82 -82 
 80 -82  65  65  65  65 -82  80  65 
dx:
 3  2  1  0  0  7  6  0  4 
 0 -1  1  0  0  7 -1  5  4 
 3  0  0 -1  0  7 -1  5  0 
 3  1  0 -1 -2  0  6  5  4 
 2  1  0  0 -2  0 -1  4  3 
-2  1  0 -1  7  6  5  4  3 
 0  1  0  0  7  0 -1  0 -1 
 2  1  0 -1  7  6 -1  0  0 
-1  0  0  8  7  6  0  1  4 
dy:
 1  1  1  0  0  1  1  0  1 
 1  1  2  2  0  2 -1  2  2 
 3  0 -5 -5  0  3  0  3  0 
 4 -4 -4 -4 -4  0  4  4  4 
-3 -3 -3  0 -3  0  2 -3 -3 
 0 -2 -2 -2 -2 -2 -2 -2 -2 
 0 -1 -1  0 -1  0 -1  0  1 
 0  0  0  0  0  0  0  0  0 
 0  0  1  1  1  1  0  0  0 

----------------------------------------------
n = 64:
x x x . . x x . x 
x x x x . x x x x 
x . x x . x x x . 
x x x x x . x x x 
x x x . x . x x x 
x x x x x x x x x 
. x x x x . x . x 
x x x x x x x . . 
x . x x x x . x x 
ptr:
 65  65  65 -82 -82  65  65 -82  65 
  0   0  65  65 -82  65  23  65  65 
 65 -82  65  65 -82  65  23  65 -82 
 65  65  65  65  65 -82  65  65  65 
 65  65  65 -82  65 -82  65  65  65 
 52  65  65  65  65  65  65  65  65 
-82  65  65  65  65 -82  68 -82  52 
 65  65 -64  65  65  65  68 -82 -82 
 80 -82  65  65  65  65 -82  80  65 
dx:
 3  2  1  0  0  7  6  0  4 
 0 -1  1  0  0  7 -1  5  4 
 3  0  0 -1  0  7 -1  5  0 
 3  1  0 -1 -2  0  6  5  4 
 2  1  0  0 -2  0 -1  4  3 
-2  1  0 -1  7  6  5  4  3 
 0  1  0  8  7  0 -1  0 -1 
 2  1  0 -1  7  6 -1  0  0 
-1  0  0  8  7  6  0  1  4 
dy:
 1  1  1  0  0  1  1  0  1 
 1  1  2  2  0  2 -1  2  2 
 3  0 -5 -5  0  3  0  3  0 
 4 -4 -4 -4 -4  0  4  4  4 
-3 -3 -3  0 -3  0  2 -3 -3 
 0 -2 -2 -2 -2 -2 -2 -2 -2 
 0 -1 -1 -1 -1  0 -1  0  1 
 0  0  0  0  0  0  0  0  0 
 0  0  1  1  1  1  0  0  0 

----------------------------------------------
n = 65:
x x x x . x x . x 
x x x x . x x x x 
x . x x . x x x . 
x x x x x . x x x 
x x x . x . x x x 
x x x x x x x x x 
. x x x x . x . x 
x x x x x x x . . 
x . x x x x . x x 
ptr:
 65  65  65  65 -82  65  65 -82  65 
  0   0  65  65 -82  65  23  65  65 
 65 -82  65  65 -82  65  23  65 -82 
 65  65  65  65  65 -82  65  65  65 
 65  65  65 -82  65 -82  65  65  65 
 52  65  65  65  65  65  65  65  65 
-82  65  65  65  65 -82  68 -82  52 
 65  65 -65  65  65  65  68 -82 -82 
 80 -82  65  65  65  65 -82  80  65 
dx:
 3  2  1  0  0  7  6  0  4 
 0 -1  1  0  0  7 -1  5  4 
 3  0  0 -1  0  7 -1  5  0 
 3  1  0 -1 -2  0  6  5  4 
 2  1  0  0 -2  0 -1  4  3 
-2  1  0 -1  7  6  5  4  3 
 0  1  0  8  7  0 -1  0 -1 
 2  1  0 -1  7  6 -1  0  0 
-1  0  0  8  7  6  0  1  4 
dy:
 1  1  1  1  0  1  1  0  1 
 1  1  2  2  0  2 -1  2  2 
 3  0 -5 -5  0  3  0  3  0 
 4 -4 -4 -4 -4  0  4  4  4 
-3 -3 -3  0 -3  0  2 -3 -3 
 0 -2 -2 -2 -2 -2 -2 -2 -2 
 0 -1 -1 -1 -1  0 -1  0  1 
 0  0  0  0  0  0  0  0  0 
 0  0  1  1  1  1  0  0  0 

----------------------------------------------
n = 66:
x x x x . x x . x 
x x x x . x x x x 
x . x x . x x x x 
x x x x x . x x x 
x x x . x . x x x 
x x x x x x x x x 
. x x x x . x . x 
x x x x x x x . . 
x . x x x x . x x 
ptr:
 65  65  65  65 -82  65  65 -82  65 
  0   0  65  65 -82  65  23  65  65 
 65 -82  65  65 -82  65  23  65  65 
 65  65  65  65  65 -82  65  65  65 
 65  65  65 -82  65 -82  65  65  65 
 52  65  65  65  65  65  65  65  65 
-82  65  65  65  65 -82  68 -82  52 
 65  65 -66  65  65  65  68 -82 -82 
 80 -82  65  65  65  65 -82  80  65 
dx:
 3  2  1  0  0  7  6  0  4 
 0 -1  1  0  0  7 -1  5  4 
 3  0  0 -1  0  7 -1  5  4 
 3  1  0 -1 -2  0  6  5  4 
 2  1  0  0 -2  0 -1  4  3 
-2  1  0 -1  7  6  5  4  3 
 0  1  0  8  7  0 -1  0 -1 
 2  1  0 -1  7  6 -1  0  0 
-1  0  0  8  7  6  0  1  4 
dy:
 1  1  1  1  0  1  1  0  1 
 1  1  2  2  0  2 -1  2  2 
 3  0 -5 -5  0  3  0  3  3 
 4 -4 -4 -4 -4  0  4  4  4 
-3 -3 -3  0 -3  0  2 -3 -3 
 0 -2 -2 -2 -2 -2 -2 -2 -2 
 0 -1 -1 -1 -1  0 -1  0  1 
 0  0  0  0  0  0  0  0  0 
 0  0  1  1  1  1  0  0  0 

----------------------------------------------
n = 67:
x x x x . x x . x 
x x x x . x x x x 
x . x x . x x x x 
x x x x x . x x x 
x x x . x . x x x 
x x x x x x x x x 
. x x x x . x . x 
x x x x x x x . . 
x . x x x x x x x 
ptr:
 65  65  65  65 -82  65  65 -82  65 
  0   0  65  65 -82  65  23  65  65 
 65 -82  65  65 -82  65  23  65  65 
 65  65  65  65  65 -82  65  65  65 
 65  65  65 -82  65 -82  65  65  65 
 52  65  65  65  65  65  65  65  65 
-82  65  65  65  65 -82  68 -82  52 
 65  65 -67  65  65  65  65 -82 -82 
 80 -82  65  65  65  65  65  65  65 
dx:
 3  2  1  0  0  7  6  0  4 
 0 -1  1  0  0  7 -1  5  4 
 3  0  0 -1  0  7 -1  5  4 
 3  1  0 -1 -2  0  6  5  4 
 2  1  0  0 -2  0 -1  4  3 
-2  1  0 -1  7  6  5  4  3 
 0  1  0  8  7  0 -1  0 -1 
 2  1  0 -1  7  6  5  0  0 
-1  0  0  8  7  6  6  5  4 
dy:
 1  1  1  1  0  1  1  0  1 
 1  1  2  2  0  2 -1  2  2 
 3  0 -5 -5  0  3  0  3  3 
 4 -4 -4 -4 -4  0  4  4  4 
-3 -3 -3  0 -3  0  2 -3 -3 
 0 -2 -2 -2 -2 -2 -2 -2 -2 
 0 -1 -1 -1 -1  0 -1  0  1 
 0  0  0  0  0  0  0  0  0 
 0  0  1  1  1  1  0  0  0 

----------------------------------------------
n = 68:
x x x x . x x . x 
x x x x . x x x x 
x . x x . x x x x 
x x x x x . x x x 
x x x . x . x x x 
x x x x x x x x x 
. x x x x . x . x 
x x x x x x x . x 
x . x x x x x x x 
ptr:
 65  65  65  65 -82  65  65 -82  65 
  0   0  65  65 -82  65  23  65  65 
 65 -82  65  65 -82  65  23  65  65 
 65  65  65  65  65 -82  65  65  65 
 65  65  65 -82  65 -82  65  65  65 
 52  65  65  65  65  65  65  65  65 
-82  65  65  65  65 -82  68 -82  65 
 65  65 -68  65  65  65  65 -82  65 
 80 -82  65  65  65  65  65  65  65 
dx:
 3  2  1  0  0  7  6  0  4 
 0 -1  1  0  0  7 -1  5  4 
 3  0  0 -1  0  7 -1  5  4 
 3  1  0 -1 -2  0  6  5  4 
 2  1  0  0 -2  0 -1  4  3 
-2  1  0 -1  7  6  5  4  3 
 0  1  0  8  7  0 -1  0  3 
 2  1  0 -1  7  6  5  0  3 
-1  0  0  8  7  6  6  5  4 
dy:
 1  1  1  1  0  1  1  0  1 
 1  1  2  2  0  2 -1  2  2 
 3  0 -5 -5  0  3  0  3  3 
 4 -4 -4 -4 -4  0  4  4  4 
-3 -3 -3  0 -3  0  2 -3 -3 
 0 -2 -2 -2 -2 -2 -2 -2 -2 
 0 -1 -1 -1 -1  0 -1  0 -1 
 0  0  0  0  0  0  0  0  0 
 0  0  1  1  1  1  0  0  0 

----------------------------------------------
n = 69:
x x x x . x x . x 
x x x x . x x x x 
x . x x . x x x x 
x x x x x x x x x 
x x x . x . x x x 
x x x x x x x x x 
. x x x x . x . x 
x x x x x x x . x 
x . x x x x x x x 
ptr:
 65  65  65  65 -82  65  65 -82  65 
  0   0  65  65 -82  65  23  65  65 
 65 -82  65  65 -82  65  23  65  65 
 65  65  65  65  65  65  65  65  65 
 65  65  65 -82  65 -82  65  65  65 
 52  65  65  65  65  65  65  65  65 
-82  65  65  65  65 -82  68 -82  65 
 65  65 -69  65  65  65  65 -82  65 
 80 -82  65  65  65  65  65  65  65 
dx:
 3  2  1  0  0  7  6  0  4 
 0 -1  1  0  0  7 -1  5  4 
 3  0  0 -1  0  7 -1  5  4 
 3  1  0 -1 -2  7  6  5  4 
 2  1  0  0 -2  0 -1  4  3 
-2  1  0 -1  7  6  5  4  3 
 0  1  0  8  7  0 -1  0  3 
 2  1  0 -1  7  6  5  0  3 
-1  0  0  8  7  6  6  5  4 
dy:
 1  1  1  1  0  1  1  0  1 
 1  1  2  2  0  2 -1  2  2 
 3  0 -5 -5  0  3  0  3  3 
 4 -4 -4 -4 -4  4  4  4  4 
-3 -3 -3  0 -3  0  2 -3 -3 
 0 -2 -2 -2 -2 -2 -2 -2 -2 
 0 -1 -1 -1 -1  0 -1  0 -1 
 0  0  0  0  0  0  0  0  0 
 0  0  1  1  1  1  0  0  0 

----------------------------------------------
n = 70:
x x x x . x x . x 
x x x x . x x x x 
x . x x . x x x x 
x x x x x x x x x 
x x x . x . x x x 
x x x x x x x x x 
. x x x x x x . x 
x x x x x x x . x 
x . x x x x x x x 
ptr:
 65  65  65  65 -82  65  65 -82  65 
  0   0  65  65 -82  65  23  65  65 
 65 -82  65  65 -82  65  23  65  65 
 65  65  65  65  65  65  65  65  65 
 65  65  65 -82  65 -82  65  65  65 
 52  65  65  65  65  65  65  65  65 
-82  65  65  65  65  65  65 -82  65 
 65  65 -70  65  65  65  65 -82  65 
 80 -82  65  65  65  65  65  65  65 
dx:
 3  2  1  0  0  7  6  0  4 
 0 -1  1  0  0  7 -1  5  4 
 3  0  0 -1  0  7 -1  5  4 
 3  1  0 -1 -2  7  6  5  4 
 2  1  0  0 -2  0 -1  4  3 
-2  1  0 -1  7  6  5  4  3 
 0  1  0  8  7  6  5  0  3 
 2  1  0 -1  7  6  5  0  3 
-1  0  0  8  7  6  6  5  4 
dy:
 1  1  1  1  0  1  1  0  1 
 1  1  2  2  0  2 -1  2  2 
 3  0 -5 -5  0  3  0  3  3 
 4 -4 -4 -4 -4  4  4  4  4 
-3 -3 -3  0 -3  0  2 -3 -3 
 0 -2 -2 -2 -2 -2 -2 -2 -2 
 0 -1 -1 -1 -1 -1 -1  0 -1 
 0  0  0  0  0  0  0  0  0 
 0  0  1  1  1  1  0  0  0 

----------------------------------------------
n = 71:
x x x x . x x . x 
x x x x . x x x x 
x . x x . x x x x 
x x x x x x x x x 
x x x . x . x x x 
x x x x x x x x x 
. x x x x x x . x 
x x x x x x x . x 
x x x x x x x x x 
ptr:
 65  65  65  65 -82  65  65 -82  65 
  0   0  65  65 -82  65  23  65  65 
 65 -82  65  65 -82  65  23  65  65 
 65  65  65  65  65  65  65  65  65 
 65  65  65 -82  65 -82  65  65  65 
 52  65  65  65  65  65  65  65  65 
-82  65  65  65  65  65  65 -82  65 
 65  65 -71  65  65  65  65 -82  65 
 65  65  65  65  65  65  65  65  65 
dx:
 3  2  1  0  0  7  6  0  4 
 0 -1  1  0  0  7 -1  5  4 
 3  0  0 -1  0  7 -1  5  4 
 3  1  0 -1 -2  7  6  5  4 
 2  1  0  0 -2  0 -1  4  3 
-2  1  0 -1  7  6  5  4  3 
 0  1  0  8  7  6  5  0  3 
 2  1  0 -1  7  6  5  0  3 
 3  1  0  8  7  6  6  5  4 
dy:
 1  1  1  1  0  1  1  0  1 
 1  1  2  2  0  2 -1  2  2 
 3  0 -5 -5  0  3  0  3  3 
 4 -4 -4 -4 -4  4  4  4  4 
-3 -3 -3  0 -3  0  2 -3 -3 
 0 -2 -2 -2 -2 -2 -2 -2 -2 
 0 -1 -1 -1 -1 -1 -1  0 -1 
 0  0  0  0  0  0  0  0  0 
 0  1  1  1  1  1  0  0  0 

----------------------------------------------
n = 72:
x x x x . x x . x 
x x x x . x x x x 
x . x x . x x x x 
x x x x x x x x x 
x x x x x . x x x 
x x x x x x x x x 
. x x x x x x . x 
x x x x x x x . x 
x x x x x x x x x 
ptr:
 65  65  65  65 -82  65  65 -82  65 
  0   0  65  65 -82  65  23  65  65 
 65 -82  65  65 -82  65  23  65  65 
 65  65  65  65  65  65  65  65  65 
 65  65  65  65  65 -82  65  65  65 
 52  65  65  65  65  65  65  65  65 
-82  65  65  65  65  65  65 -82  65 
 65  65 -72  65  65  65  65 -82  65 
 65  65  65  65  65  65  65  65  65 
dx:
 3  2  1  0  0  7  6  0  4 
 0 -1  1  0  0  7 -1  5  4 
 3  0  0 -1  0  7 -1  5  4 
 3  1  0 -1 -2  7  6  5  4 
 2  1  0 -1 -2  0 -1  4  3 
-2  1  0 -1  7  6  5  4  3 
 0  1  0  8  7  6  5  0  3 
 2  1  0 -1  7  6  5  0  3 
 3  1  0  8  7  6  6  5  4 
dy:
 1  1  1  1  0  1  1  0  1 
 1  1  2  2  0  2 -1  2  2 
 3  0 -5 -5  0  3  0  3  3 
 4 -4 -4 -4 -4  4  4  4  4 
-3 -3 -3 -3 -3  0  2 -3 -3 
 0 -2 -2 -2 -2 -2 -2 -2 -2 
 0 -1 -1 -1 -1 -1 -1  0 -1 
 0  0  0  0  0  0  0  0  0 
 0  1  1  1  1  1  0  0  0 

----------------------------------------------
n = 73:
x x x x . x x . x 
x x x x . x x x x 
x . x x x x x x x 
x x x x x x x x x 
x x x x x . x x x 
x x x x x x x x x 
. x x x x x x . x 
x x x x x x x . x 
x x x x x x x x x 
ptr:
 65  65  65  65 -82  65  65 -82  65 
  0   0  65  65 -82  65  23  65  65 
 65 -82  65  65  65  65  23  65  65 
 65  65  65  65  65  65  65  65  65 
 65  65  65  65  65 -82  65  65  65 
 52  65  65  65  65  65  65  65  65 
-82  65  65  65  65  65  65 -82  65 
 65  65 -73  65  65  65  65 -82  65 
 65  65  65  65  65  65  65  65  65 
dx:
 3  2  1  0  0  7  6  0  4 
 0 -1  1  0  0  7 -1  5  4 
 3  0  0 -1  8  7 -1  5  4 
 3  1  0 -1 -2  7  6  5  4 
 2  1  0 -1 -2  0 -1  4  3 
-2  1  0 -1  7  6  5  4  3 
 0  1  0  8  7  6  5  0  3 
 2  1  0 -1  7  6  5  0  3 
 3  1  0  8  7  6  6  5  4 
dy:
 1  1  1  1  0  1  1  0  1 
 1  1  2  2  0  2 -1  2  2 
 3  0 -5 -5  3  3  0  3  3 
 4 -4 -4 -4 -4  4  4  4  4 
-3 -3 -3 -3 -3  0  2 -3 -3 
 0 -2 -2 -2 -2 -2 -2 -2 -2 
 0 -1 -1 -1 -1 -1 -1  0 -1 
 0  0  0  0  0  0  0  0  0 
 0  1  1  1  1  1  0  0  0 

----------------------------------------------
n = 74:
x x x x . x x . x 
x x x x . x x x x 
x . x x x x x x x 
x x x x x x x x x 
x x x x x . x x x 
x x x x x x x x x 
. x x x x x x x x 
x x x x x x x . x 
x x x x x x x x x 
ptr:
 65  65  65  65 -82  65  65 -82  65 
  0   0  65  65 -82  65  23  65  65 
 65 -82  65  65  65  65  23  65  65 
 65  65  65  65  65  65  65  65  65 
 65  65  65  65  65 -82  65  65  65 
 52  65  65  65  65  65  65  65  65 
-82  65  65  65  65  65  65  65  65 
 65  65 -74  65  65  65  65 -82  65 
 65  65  65  65  65  65  65  65  65 
dx:
 3  2  1  0  0  7  6  0  4 
 0 -1  1  0  0  7 -1  5  4 
 3  0  0 -1  8  7 -1  5  4 
 3  1  0 -1 -2  7  6  5  4 
 2  1  0 -1 -2  0 -1  4  3 
-2  1  0 -1  7  6  5  4  3 
 0  1  0  8  7  6  5  4  3 
 2  1  0 -1  7  6  5  0  3 
 3  1  0  8  7  6  6  5  4 
dy:
 1  1  1  1  0  1  1  0  1 
 1  1  2  2  0  2 -1  2  2 
 3  0 -5 -5  3  3  0  3  3 
 4 -4 -4 -4 -4  4  4  4  4 
-3 -3 -3 -3 -3  0  2 -3 -3 
 0 -2 -2 -2 -2 -2 -2 -2 -2 
 0 -1 -1 -1 -1 -1 -1 -1 -1 
 0  0  0  0  0  0  0  0  0 
 0  1  1  1  1  1  0  0  0 

----------------------------------------------
n = 75:
x x x x . x x . x 
x x x x x x x x x 
x . x x x x x x x 
x x x x x x x x x 
x x x x x . x x x 
x x x x x x x x x 
. x x x x x x x x 
x x x x x x x . x 
x x x x x x x x x 
ptr:
 65  65  65  65 -82  65  65 -82  65 
  0   0  65  65  65  65  23  65  65 
 65 -82  65  65  65  65  23  65  65 
 65  65  65  65  65  65  65  65  65 
 65  65  65  65  65 -82  65  65  65 
 52  65  65  65  65  65  65  65  65 
-82  65  65  65  65  65  65  65  65 
 65  65 -75  65  65  65  65 -82  65 
 65  65  65  65  65  65  65  65  65 
dx:
 3  2  1  0  0  7  6  0  4 
 0 -1  1  0  8  7 -1  5  4 
 3  0  0 -1  8  7 -1  5  4 
 3  1  0 -1 -2  7  6  5  4 
 2  1  0 -1 -2  0 -1  4  3 
-2  1  0 -1  7  6  5  4  3 
 0  1  0  8  7  6  5  4  3 
 2  1  0 -1  7  6  5  0  3 
 3  1  0  8  7  6  6  5  4 
dy:
 1  1  1  1  0  1  1  0  1 
 1  1  2  2  2  2 -1  2  2 
 3  0 -5 -5  3  3  0  3  3 
 4 -4 -4 -4 -4  4  4  4  4 
-3 -3 -3 -3 -3  0  2 -3 -3 
 0 -2 -2 -2 -2 -2 -2 -2 -2 
 0 -1 -1 -1 -1 -1 -1 -1 -1 
 0  0  0  0  0  0  0  0  0 
 0  1  1  1  1  1  0  0  0 

----------------------------------------------
n = 76:
x x x x . x x . x 
x x x x x x x x x 
x x x x x x x x x 
x x x x x x x x x 
x x x x x . x x x 
x x x x x x x x x 
. x x x x x x x x 
x x x x x x x . x 
x x x x x x x x x 
ptr:
 65  65  65  65 -82  65  65 -82  65 
  0  65  65  65  65  65  23  65  65 
 65  65  65  65  65  65  23  65  65 
 65  65  65  65  65  65  65  65  65 
 65  65  65  65  65 -82  65  65  65 
 52  65  65  65  65  65  65  65  65 
-82  65  65  65  65  65  65  65  65 
 65  65 -76  65  65  65  65 -82  65 
 65  65  65  65  65  65  65  65  65 
dx:
 3  2  1  0  0  7  6  0  4 
 0  2  1  0  8  7 -1  5  4 
 3  1  0 -1  8  7 -1  5  4 
 3  1  0 -1 -2  7  6  5  4 
 2  1  0 -1 -2  0 -1  4  3 
-2  1  0 -1  7  6  5  4  3 
 0  1  0  8  7  6  5  4  3 
 2  1  0 -1  7  6  5  0  3 
 3  1  0  8  7  6  6  5  4 
dy:
 1  1  1  1  0  1  1  0  1 
 1  2  2  2  2  2 -1  2  2 
 3 -5 -5 -5  3  3  0  3  3 
 4 -4 -4 -4 -4  4  4  4  4 
-3 -3 -3 -3 -3  0  2 -3 -3 
 0 -2 -2 -2 -2 -2 -2 -2 -2 
 0 -1 -1 -1 -1 -1 -1 -1 -1 
 0  0  0  0  0  0  0  0  0 
 0  1  1  1  1  1  0  0  0 

----------------------------------------------
n = 77:
x x x x x x x . x 
x x x x x x x x x 
x x x x x x x x x 
x x x x x x x x x 
x x x x x . x x x 
x x x x x x x x x 
. x x x x x x x x 
x x x x x x x . x 
x x x x x x x x x 
ptr:
 65  65  65  65  65  65  65 -82  65 
  0  65  65  65  65  65  23  65  65 
 65  65  65  65  65  65  23  65  65 
 65  65  65  65  65  65  65  65  65 
 65  65  65  65  65 -82  65  65  65 
 52  65  65  65  65  65  65  65  65 
-82  65  65  65  65  65  65  65  65 
 65  65 -77  65  65  65  65 -82  65 
 65  65  65  65  65  65  65  65  65 
dx:
 3  2  1  0  8  7  6  0  4 
 0  2  1  0  8  7 -1  5  4 
 3  1  0 -1  8  7 -1  5  4 
 3  1  0 -1 -2  7  6  5  4 
 2  1  0 -1 -2  0 -1  4  3 
-2  1  0 -1  7  6  5  4  3 
 0  1  0  8  7  6  5  4  3 
 2  1  0 -1  7  6  5  0  3 
 3  1  0  8  7  6  6  5  4 
dy:
 1  1  1  1  1  1  1  0  1 
 1  2  2  2  2  2 -1  2  2 
 3 -5 -5 -5  3  3  0  3  3 
 4 -4 -4 -4 -4  4  4  4  4 
-3 -3 -3 -3 -3  0  2 -3 -3 
 0 -2 -2 -2 -2 -2 -2 -2 -2 
 0 -1 -1 -1 -1 -1 -1 -1 -1 
 0  0  0  0  0  0  0  0  0 
 0  1  1  1  1  1  0  0  0 

----------------------------------------------
n = 78:
x x x x x x x . x 
x x x x x x x x x 
x x x x x x x x x 
x x x x x x x x x 
x x x x x . x x x 
x x x x x x x x x 
. x x x x x x x x 
x x x x x x x x x 
x x x x x x x x x 
ptr:
 65  65  65  65  65  65  65 -82  65 
  0  65  65  65  65  65  23  65  65 
 65  65  65  65  65  65  23  65  65 
 65  65  65  65  65  65  65  65  65 
 65  65  65  65  65 -82  65  65  65 
 52  65  65  65  65  65  65  65  65 
-82  65  65  65  65  65  65  65  65 
 65  65 -78  65  65  65  65  65  65 
 65  65  65  65  65  65  65  65  65 
dx:
 3  2  1  0  8  7  6  0  4 
 0  2  1  0  8  7 -1  5  4 
 3  1  0 -1  8  7 -1  5  4 
 3  1  0 -1 -2  7  6  5  4 
 2  1  0 -1 -2  0 -1  4  3 
-2  1  0 -1  7  6  5  4  3 
 0  1  0  8  7  6  5  4  3 
 2  1  0 -1  7  6  5  4  3 
 3  1  0  8  7  6  6  5  4 
dy:
 1  1  1  1  1  1  1  0  1 
 1  2  2  2  2  2 -1  2  2 
 3 -5 -5 -5  3  3  0  3  3 
 4 -4 -4 -4 -4  4  4  4  4 
-3 -3 -3 -3 -3  0  2 -3 -3 
 0 -2 -2 -2 -2 -2 -2 -2 -2 
 0 -1 -1 -1 -1 -1 -1 -1 -1 
 0  0  0  0  0  0  0  0  0 
 0  1  1  1  1  1  0  0  0 

----------------------------------------------
n = 79:
x x x x x x x x x 
x x x x x x x x x 
x x x x x x x x x 
x x x x x x x x x 
x x x x x . x x x 
x x x x x x x x x 
. x x x x x x x x 
x x x x x x x x x 
x x x x x x x x x 
ptr:
 65  65  65  65  65  65  65  65  65 
  0  65  65  65  65  65  23  65  65 
 65  65  65  65  65  65  23  65  65 
 65  65  65  65  65  65  65  65  65 
 65  65  65  65  65 -82  65  65  65 
 52  65  65  65  65  65  65  65  65 
-82  65  65  65  65  65  65  65  65 
 65  65 -79  65  65  65  65  65  65 
 65  65  65  65  65  65  65  65  65 
dx:
 3  2  1  0  8  7  6  5  4 
 0  2  1  0  8  7 -1  5  4 
 3  1  0 -1  8  7 -1  5  4 
 3  1  0 -1 -2  7  6  5  4 
 2  1  0 -1 -2  0 -1  4  3 
-2  1  0 -1  7  6  5  4  3 
 0  1  0  8  7  6  5  4  3 
 2  1  0 -1  7  6  5  4  3 
 3  1  0  8  7  6  6  5  4 
dy:
 1  1  1  1  1  1  1  1  1 
 1  2  2  2  2  2 -1  2  2 
 3 -5 -5 -5  3  3  0  3  3 
 4 -4 -4 -4 -4  4  4  4  4 
-3 -3 -3 -3 -3  0  2 -3 -3 
 0 -2 -2 -2 -2 -2 -2 -2 -2 
 0 -1 -1 -1 -1 -1 -1 -1 -1 
 0  0  0  0  0  0  0  0  0 
 0  1  1  1  1  1  0  0  0 

----------------------------------------------
n = 80:
x x x x x x x x x 
x x x x x x x x x 
x x x x x x x x x 
x x x x x x x x x 
x x x x x . x x x 
x x x x x x x x x 
x x x x x x x x x 
x x x x x x x x x 
x x x x x x x x x 
ptr:
 65  65  65  65  65  65  65  65  65 
  0  65  65  65  65  65  23  65  65 
 65  65  65  65  65  65  23  65  65 
 65  65  65  65  65  65  65  65  65 
 65  65  65  65  65 -82  65  65  65 
 65  65  65  65  65  65  65  65  65 
 65  65  65  65  65  65  65  65  65 
 65  65 -80  65  65  65  65  65  65 
 65  65  65  65  65  65  65  65  65 
dx:
 3  2  1  0  8  7  6  5  4 
 0  2  1  0  8  7 -1  5  4 
 3  1  0 -1  8  7 -1  5  4 
 3  1  0 -1 -2  7  6  5  4 
 2  1  0 -1 -2  0 -1  4  3 
 2  1  0 -1  7  6  5  4  3 
 2  1  0  8  7  6  5  4  3 
 2  1  0 -1  7  6  5  4  3 
 3  1  0  8  7  6  6  5  4 
dy:
 1  1  1  1  1  1  1  1  1 
 1  2  2  2  2  2 -1  2  2 
 3 -5 -5 -5  3  3  0  3  3 
 4 -4 -4 -4 -4  4  4  4  4 
-3 -3 -3 -3 -3  0  2 -3 -3 
-2 -2 -2 -2 -2 -2 -2 -2 -2 
-1 -1 -1 -1 -1 -1 -1 -1 -1 
 0  0  0  0  0  0  0  0  0 
 0  1  1  1  1  1  0  0  0 

----------------------------------------------
n = 81:
x x x x x x x x x 
x x x x x x x x x 
x x x x x x x x x 
x x x x x x x x x 
x x x x x x x x x 
x x x x x x x x x 
x x x x x x x x x 
x x x x x x x x x 
x x x x x x x x x 
ptr:
 65  65  65  65  65  65  65  65  65 
  0  65  65  65  65  65  23  65  65 
 65  65  65  65  65  65  23  65  65 
 65  65  65  65  65  65  65  65  65 
 65  65  65  65  65  65  65  65  65 
 65  65  65  65  65  65  65  65  65 
 65  65  65  65  65  65  65  65  65 
 65  65 -81  65  65  65  65  65  65 
 65  65  65  65  65  65  65  65  65 
dx:
 3  2  1  0  8  7  6  5  4 
 0  2  1  0  8  7 -1  5  4 
 3  1  0 -1  8  7 -1  5  4 
 3  1  0 -1 -2  7  6  5  4 
 2  1  0 -1 -2  0 -1  4  3 
 2  1  0 -1  7  6  5  4  3 
 2  1  0  8  7  6  5  4  3 
 2  1  0 -1  7  6  5  4  3 
 3  1  0  8  7  6  6  5  4 
dy:
 1  1  1  1  1  1  1  1  1 
 1  2  2  2  2  2 -1  2  2 
 3 -5 -5 -5  3  3  0  3  3 
 4 -4 -4 -4 -4  4  4  4  4 
-3 -3 -3 -3 -3  2  2 -3 -3 
-2 -2 -2 -2 -2 -2 -2 -2 -2 
-1 -1 -1 -1 -1 -1 -1 -1 -1 
 0  0  0  0  0  0  0  0  0 
 0  1  1  1  1  1  0  0  0 

----------------------------------------------
